24.55
75.93
83.13
4.12
83.19
30.21
60.01
48.36
46.26
18.16
78.23
48.00
58.10
12.62
28.64
94.01
1.98
91.05
68.35
11.33
93.02
99.16
68.01
67.23
96.17
47.26
55.31
11.30
74.46
5.93
86.06
91.95
32.27
62.15
60.45
77.99
55.72
95.21
16.00
50.53
68.38
32.01
71.14
20.50
14.05
45.89
63.74
70.24
50.33
69.91
27.41
13.46
87.12
5.99
75.16
17.74
31.97
24.48
14.58
35.53
10.89
65.40
1.90
45.78
17.50
72.20
53.03
16.58
6.21
11.50
69.09
61.23
85.47
58.39
1.01
75.12
86.49
55.63
73.48
8.60
79.31
87.39
11.58
52.70
83.56
43.35
65.70
88.21
74.19
87.33
9.64
76.86
14.11
86.28
94.90
53.08
54.82
99.82
80.20
9.28
33.94
78.55
19.48
53.77
64.18
70.06
83.66
60.81
52.20
85.60
12.32
25.22
7.68
37.59
39.37
79.97
3.07
18.27
14.11
34.87
22.81
53.26
43.32
46.59
96.95
30.22
13.21
35.96
48.77
72.64
11.07
27.21
98.52
1.22
55.57
95.44
56.03
1.42
61.87
73.93
3.99
94.69
13.35
90.43
20.51
93.05
85.01
73.31
14.69
1.86
65.52
92.40
52.20
24.08
54.43
76.88
29.29
10.84
69.21
83.30
12.84
97.62
82.61
70.14
2.03
63.33
25.14
72.71
82.66
50.24
29.70
61.39
39.07
86.82
65.73
10.10
60.73
62.72
8.98
97.26
30.33
15.25
19.38
11.51
8.83
.13
54.60
36.48
39.01
36.01
29.47
44.58
73.49
31.43
42.70
38.54
96.16
26.14
31.52
41.21
46.08
4.22
81.80
48.91
72.44
65.63
17.15
32.03
45.59
74.87
13.58
87.41
24.46
40.72
38.19
21.59
34.07
19.44
90.09
71.40
37.83
75.12
29.63
48.73
99.17
75.88
18.22
30.48
14.30
51.93
54.78
.95
63.92
92.74
87.72
94.25
75.26
14.32
1.23
77.26
8.20
84.94
23.52
59.82
78.72
57.70
81.17
18.26
11.88
21.88
28.57
70.67
72.20
51.37
14.43
47.98
54.26
98.32
8.08
63.63
28.73
52.52
97.94
96.33
29.69
63.47
91.25
65.42
38.24
.42
90.01
96.43
64.00
8.54
91.46
45.53
51.52
3.78
62.94
75.98
41.62
38.32
71.02
57.08
99.17
59.07
2.56
86.73
78.16
77.05
1.34
22.25
32.69
62.81
58.18
41.25
98.05
84.03
34.72
43.88
60.01
5.58
71.37
51.12
2.31
79.27
28.59
49.99
72.72
60.78
37.24
85.64
35.80
4.81
88.45
2.87
87.29
5.89
76.68
95.35
89.20
71.75
20.22
29.14
47.53
39.29
22.97
69.27
95.03
68.67
8.30
52.81
60.49
80.34
51.44
20.22
2.78
31.72
60.20
37.60
63.21
65.77
5.61
17.19
42.80
1.73
83.79
70.44
42.48
80.19
98.30
9.05
13.75
18.85
88.20
42.62
54.86
83.61
91.32
8.62
53.30
29.94
24.36
10.31
19.30
23.92
82.11
31.25
76.94
9.29
6.22
41.11
79.59
47.10
51.06
7.20
94.65
17.94
78.66
78.13
58.89
43.26
47.76
11.77
40.13
51.97
23.08
78.50
53.65
91.10
19.93
82.35
72.43
55.30
16.75
7.62
39.11
89.02
13.42
16.72
34.68
97.17
86.83
96.12
83.74
85.47
96.80
71.49
79.77
39.93
25.21
90.89
94.80
46.65
89.16
4.94
97.66
47.34
55.04
57.05
42.37
24.30
94.43
33.43
4.13
8.83
65.12
12.33
34.03
11.59
70.99
95.50
75.75
80.22
52.99
.57
37.49
99.90
89.90
42.69
40.73
66.04
42.93
36.02
73.49
74.42
60.29
1.40
60.65
94.17
69.71
75.00
26.13
11.51
25.51
74.83
62.54
57.89
44.24
96.63
42.99
65.64
58.54
79.11
6.28
25.86
42.01
99.20
22.26
58.83
10.00
32.86
97.02
45.53
80.47
43.90
9.13
10.44
87.59
44.23
77.43
90.11
76.25
2.47
48.78
70.30
70.17
64.61
59.43
24.72
98.35
90.52
68.11
42.98
85.21
3.12
80.28
92.05
58.15
93.02
83.63
16.12
2.98
21.11
92.78
42.83
2.45
13.70
57.64
30.67
26.08
50.58
24.32
61.61
.39
4.96
50.06
56.07
77.87
6.04
64.48
63.19
40.42
60.03
38.08
58.04
18.13
83.50
66.13
60.12
78.15
73.78
1.03
72.09
39.67
66.14
69.56
26.63
1.28
4.11
92.59
20.47
24.32
80.54
84.63
9.36
2.51
90.35
47.74
35.58
61.74
72.68
90.55
60.37
76.49
10.45
96.56
77.65
59.76
97.90
38.10
92.72
81.79
83.45
82.34
59.56
99.56
43.91
64.07
84.08
33.98
49.07
6.07
16.83
14.30
30.97
52.71
78.71
20.71
80.82
44.73
85.48
94.76
58.51
3.92
63.26
55.01
14.53
15.54
75.81
50.40
92.10
92.85
16.72
7.51
98.69
83.52
54.89
79.44
10.16
30.95
59.93
83.98
98.47
34.55
75.71
26.46
54.35
62.92
55.05
38.88
9.87
61.19
15.84
30.97
52.97
59.51
30.43
41.11
65.73
33.71
13.50
95.57
11.27
90.93
31.15
32.91
40.32
53.26
14.01
27.13
88.07
90.52
20.70
47.97
83.91
9.78
64.31
29.56
2.65
43.62
84.23
79.75
44.26
91.72
18.69
51.65
41.10
61.21
8.65
15.97
56.46
19.85
43.45
18.52
56.35
23.28
40.06
80.36
7.79
2.56
33.44
.16
80.83
1.52
43.86
47.68
9.36
34.69
78.32
95.66
96.13
96.21
18.00
22.97
31.01
87.42
41.56
36.50
28.65
47.07
34.59
1.09
81.23
61.24
39.92
37.60
65.42
2.76
10.45
47.56
38.68
99.42
36.34
49.46
9.24
58.86
31.95
66.71
66.97
84.22
84.26
90.04
17.25
99.10
84.37
48.16
69.36
63.07
86.02
59.86
92.13
99.56
61.45
7.63
64.95
76.96
53.49
68.78
20.02
80.60
55.22
63.09
93.12
88.42
83.57
28.06
74.32
16.41
51.74
12.36
77.70
31.23
86.74
86.18
29.47
36.76
83.06
3.02
7.72
29.22
31.20
11.86
53.94
80.85
10.65
10.71
16.11
56.35
90.85
53.00
76.49
87.96
41.00
66.99
63.31
35.37
9.67
24.77
44.88
34.72
98.46
2.43
57.12
97.37
20.73
5.64
21.11
53.67
5.88
96.32
65.68
49.36
82.33
44.67
82.46
93.07
48.47
48.77
5.01
22.36
19.58
8.71
22.34
2.42
21.15
16.32
7.98
96.97
83.94
22.89
70.14
53.77
84.85
77.02
6.09
28.96
68.86
83.07
74.20
33.36
82.16
16.04
80.98
22.02
44.28
43.63
17.17
63.53
87.70
47.82
67.00
19.91
97.95
9.22
57.60
39.46
93.59
15.75
11.84
15.35
96.46
83.86
17.33
90.76
55.43
35.41
26.49
97.87
3.72
56.09
58.35
2.39
49.18
72.42
81.44
87.88
20.08
23.48
18.69
54.97
14.34
70.80
30.68
29.28
29.68
85.20
1.15
68.98
83.77
73.07
70.10
37.80
69.10
56.01
34.28
62.82
25.58
97.80
61.93
27.40
55.11
80.27
49.56
59.37
47.53
65.98
81.98
61.96
34.49
49.54
43.94
.86
39.22
91.90
71.13
4.51
43.75
52.12
22.06
56.80
52.54
79.81
97.88
61.34
91.63
8.19
37.02
34.81
45.74
92.16
63.53
43.17
2.37
69.06
74.06
28.98
41.55
80.64
6.59
90.70
82.50
83.89
46.21
65.62
74.67
95.85
88.13
36.75
99.14
62.64
95.97
31.18
29.08
16.81
64.74
2.35
82.66
88.53
22.35
92.03
90.56
66.07
80.56
48.96
91.62
58.74
77.23
40.92
64.74
1.76
35.24
34.10
2.88
56.59
.25
29.88
36.19
2.25
9.41
42.66
14.69
84.11
86.42
74.30
68.82
84.72
54.12
91.24
75.73
8.07
5.50
38.00
73.05
23.50
76.21
27.64
78.08
98.32
17.36
33.98
90.16
59.23
75.96
72.84
76.72
61.85
52.38
.74
69.10
14.90
18.82
77.76
23.81
1.00
51.19
38.79
36.31
59.66
47.82
92.03
30.36
49.47
82.67
17.20
83.77
86.63
68.33
67.01
93.31
64.56
84.55
84.99
25.87
95.51
61.71
40.46
50.93
79.22
95.59
47.01
.23
96.07
9.60
74.86
54.32
42.30
73.66
89.19
13.18
73.70
35.49
46.99
68.03
.72
18.66
62.85
54.96
82.69
95.11
10.70
37.57
1.84
44.55
62.86
35.28
58.68
72.40
80.40
86.84
19.79
69.63
59.49
14.53
65.90
62.57
7.39
33.21
34.02
19.16
68.52
31.03
20.48
49.05
46.31
33.26
13.81
59.44
69.62
49.70
55.76
5.83
34.03
97.03
87.12
7.60
7.56
82.62
20.58
81.89
28.21
33.68
97.37
86.11
36.18
56.76
26.62
49.40
77.78
16.42
76.57
16.29
89.72
29.31
85.76
22.24
22.67
79.64
88.43
69.77
91.43
76.10
3.58
76.55
44.91
86.10
19.91
22.26
34.14
3.34
19.79
29.88
18.63
27.14
24.72
78.60
92.58
58.14
11.92
60.77
30.89
43.64
47.27
63.31
52.18
38.27
3.00
75.04
70.91
80.83
80.67
95.81
64.16
26.43
39.38
50.88
9.72
14.70
37.17
94.31
61.72
99.47
29.76
18.99
17.75
12.88
34.67
77.71
96.93
88.04
61.29
59.62
92.33
18.08
27.73
59.46
83.26
86.88
33.88
23.14
92.64
66.65
36.69
52.67
53.46
41.28
78.69
5.69
4.17
80.53
53.28
30.55
67.51
60.09
51.83
36.63
80.12
95.12
26.38
11.22
30.43
30.59
19.26
59.40
31.88
11.27
56.34
61.30
4.77
35.68
73.93
12.44
65.88
84.07
51.44
37.06
27.45
98.76
51.17
41.79
89.17
86.39
24.98
7.65
65.81
6.73
33.35
2.04
30.87
10.10
36.50
29.17
72.57
86.39
59.80
27.25
51.82
92.85
5.66
64.09
24.49
34.75
83.06
78.51
39.67
83.27
52.31
64.86
54.48
28.61
37.40
99.71
11.76
82.44
41.30
66.02
11.98
63.74
10.67
38.24
72.88
24.68
35.36
53.91
11.28
99.12
35.57
12.25
.38
85.33
84.90
8.11
52.64
6.60
41.12
31.06
53.74
28.66
7.87
33.70
25.92
51.39
30.70
.38
30.93
33.50
38.48
28.66
31.51
53.74
77.30
69.00
18.85
59.83
48.18
55.29
78.29
7.24
52.27
98.63
10.06
43.89
67.37
10.02
43.45
54.06
28.50
63.42
83.07
34.91
61.52
10.61
3.90
42.62
23.99
10.88
68.53
11.32
39.98
44.97
73.97
18.03
76.88
40.82
48.48
39.22
1.22
50.65
9.30
20.65
67.96
84.00
61.03
61.17
42.89
19.20
61.60
93.22
31.66
87.01
7.59
28.03
90.22
44.58
94.03
21.97
21.55
35.15
85.15
11.86
21.35
59.66
92.02
61.96
21.33
69.90
90.58
62.68
93.04
30.00
29.29
22.31
17.35
82.55
69.51
97.05
95.22
99.10
73.74
11.34
73.71
90.79
6.78
31.35
88.13
4.15
43.19
67.38
75.86
29.73
80.99
97.61
.21
6.52
45.45
25.40
33.87
14.11
30.19
4.78
90.61
6.10
62.73
94.95
61.16
53.33
1.14
33.42
4.57
33.61
65.03
49.72
69.99
25.78
79.27
76.58
75.36
40.04
62.29
54.27
49.43
44.43
21.73
64.84
51.18
27.33
30.15
78.10
17.09
69.97
40.73
38.40
50.58
89.52
68.89
72.69
60.39
53.39
9.39
54.01
74.97
58.37
80.58
11.66
8.62
14.49
87.53
39.84
31.63
72.72
73.99
19.64
1.59
88.13
89.45
35.90
45.81
15.69
32.10
40.12
46.02
94.61
41.08
83.17
65.40
88.77
2.02
17.74
75.64
16.07
98.88
49.13
86.73
17.12
92.03
95.35
56.07
85.42
27.45
2.71
54.95
5.03
85.47
51.29
.31
19.44
58.43
76.51
17.55
85.86
6.43
27.24
86.21
52.75
77.80
79.10
34.58
35.42
96.68
22.01
91.49
54.21
13.82
45.45
73.91
43.09
88.97
51.76
87.72
32.51
22.97
38.24
45.33
59.75
86.21
1.95
59.06
62.46
96.13
38.01
51.68
66.59
81.37
21.37
36.79
88.67
32.16
85.05
60.82
34.12
77.93
33.81
65.71
88.34
51.34
60.83
26.74
65.32
95.52
67.59
43.46
99.64
45.76
22.00
13.48
42.23
70.68
28.42
98.56
47.48
88.98
24.72
.22
20.03
87.28
65.96
98.51
23.21
52.33
2.32
71.23
37.79
96.62
9.51
3.69
99.94
99.92
84.08
19.05
39.98
11.80
73.14
8.19
90.06
59.77
68.11
14.48
27.95
86.17
55.77
33.63
76.70
93.31
86.13
21.93
85.50
10.64
86.41
66.85
75.68
10.49
23.12
63.54
47.66
89.64
90.16
57.66
9.63
2.70
79.75
60.72
6.77
80.41
75.26
17.47
.91
90.92
90.30
6.48
75.16
5.49
66.49
85.03
14.99
11.22
34.26
47.19
48.40
73.09
35.47
50.07
10.91
84.97
4.17
77.26
38.38
65.18
3.22
51.07
80.44
45.95
17.88
75.15
70.24
77.99
15.22
88.01
82.68
21.73
87.90
34.39
62.44
24.74
14.62
16.22
5.57
91.44
85.92
68.00
34.02
35.37
63.67
12.24
11.14
67.34
65.20
89.87
8.12
12.95
89.12
27.88
45.97
72.35
28.85
1.65
6.13
31.67
51.66
73.29
23.65
10.89
56.91
38.58
51.34
86.09
64.96
95.22
10.76
55.23
29.99
52.86
26.39
26.38
14.73
41.36
73.08
94.59
12.47
38.04
53.68
39.46
53.04
26.87
63.67
19.44
83.12
22.93
92.75
60.60
68.45
44.10
59.40
37.96
26.02
88.57
73.91
25.46
57.18
81.44
77.66
47.24
19.70
86.78
12.15
97.17
45.93
42.41
29.80
6.25
87.36
63.81
70.55
28.30
41.47
80.99
93.02
82.98
96.02
17.50
67.28
42.47
7.66
94.10
7.28
72.95
17.64
41.69
45.38
45.38
95.03
37.42
28.96
11.43
89.94
36.16
49.40
99.92
73.57
55.40
97.78
26.48
39.84
85.75
78.07
25.33
43.92
41.63
98.78
5.31
57.55
37.14
7.17
4.98
27.42
70.42
25.85
70.98
33.96
26.83
1.70
12.64
60.44
65.73
78.55
91.89
99.50
38.76
61.50
91.96
43.37
98.45
48.81
71.24
27.06
95.20
69.45
48.98
19.57
27.98
79.21
88.76
87.15
9.33
36.43
42.35
84.87
29.19
99.40
91.86
67.97
53.07
62.15
81.12
52.75
70.75
72.34
58.75
98.42
18.64
55.97
64.81
25.84
35.84
7.01
80.40
36.86
77.44
86.94
25.51
48.93
1.30
19.28
33.99
13.50
64.71
57.04
56.85
44.03
16.12
47.38
44.80
39.48
43.43
16.94
39.50
52.81
45.48
53.92
59.07
20.23
26.10
68.33
98.10
36.74
71.12
70.80
74.87
36.28
57.88
21.89
49.22
10.48
64.29
68.88
3.41
79.30
89.48
5.25
25.27
8.74
72.09
58.89
57.96
56.18
93.50
39.83
84.04
12.17
83.37
55.31
92.71
99.22
2.63
30.89
38.67
82.48
65.12
59.84
38.74
45.16
73.24
39.84
67.75
82.38
85.36
46.10
9.54
71.03
2.88
32.95
90.46
80.57
63.67
52.17
73.13
99.66
55.19
25.69
16.32
67.23
15.14
12.69
13.17
12.78
70.83
66.70
4.49
30.50
79.05
87.04
26.39
34.62
67.77
30.64
92.31
69.09
47.99
65.38
28.39
73.79
59.61
14.01
77.80
41.69
38.72
59.04
65.32
36.45
45.38
53.12
65.98
78.43
70.59
7.10
53.56
48.64
49.36
8.31
13.73
4.71
42.56
55.52
94.63
50.61
14.41
83.55
32.94
53.02
24.99
90.78
37.81
51.02
77.28
75.63
36.72
62.85
6.95
34.40
87.43
54.06
79.63
72.05
38.52
94.34
65.39
30.16
77.36
97.18
92.91
41.65
38.72
5.90
46.81
80.56
59.85
62.44
61.00
87.30
58.75
71.24
77.86
14.19
80.94
49.34
88.88
54.69
7.21
36.22
45.49
90.68
39.84
22.01
30.86
16.31
87.99
40.90
12.94
74.84
54.41
68.69
57.07
74.87
84.96
57.12
62.53
36.62
80.09
36.34
1.49
55.25
83.19
17.08
81.12
58.55
54.51
28.30
20.14
79.10
11.31
33.36
29.42
57.33
65.07
77.85
13.07
41.28
14.81
35.55
61.18
51.11
61.72
35.68
88.38
32.22
95.16
74.13
83.09
29.26
62.24
33.98
72.07
75.42
74.32
66.85
71.55
6.08
22.28
15.19
92.06
74.12
69.61
88.08
87.41
65.29
67.39
38.24
89.98
86.42
88.47
26.35
54.38
26.73
9.37
.16
39.15
72.85
78.19
60.78
92.54
92.16
94.12
35.98
72.44
85.64
90.03
31.45
22.62
51.50
53.38
84.81
48.32
93.76
42.78
4.36
82.20
56.45
57.46
34.93
8.77
62.94
95.32
56.20
19.96
92.93
91.39
85.91
7.49
34.68
63.13
29.45
58.75
9.05
1.63
90.49
11.93
73.62
38.30
33.06
43.68
80.22
85.71
64.25
7.68
77.08
98.05
89.32
16.25
18.14
21.94
75.83
58.76
66.33
11.31
51.99
80.34
55.15
61.63
55.79
2.23
3.26
78.24
46.41
51.38
60.72
30.86
86.70
80.75
2.05
62.47
6.78
4.40
71.63
14.29
62.69
41.50
29.57
.73
11.02
62.23
42.59
18.15
31.04
55.08
14.01
99.73
38.70
89.72
48.75
34.67
53.99
32.84
5.60
54.99
2.30
85.02
96.96
55.25
53.37
46.14
58.71
51.49
27.32
83.98
27.28
4.70
26.17
76.10
29.45
30.69
81.49
18.65
11.42
93.68
43.88
47.37
7.89
33.98
78.65
95.91
79.76
11.64
73.36
24.38
29.00
57.06
7.48
87.22
33.57
7.68
82.37
73.57
31.56
75.16
60.61
45.53
24.08
31.39
17.41
20.27
59.10
23.90
64.54
90.38
5.07
30.99
66.91
53.50
22.01
45.34
35.60
27.16
90.56
31.16
47.66
57.45
64.95
34.30
12.45
91.58
74.28
37.65
77.24
72.96
8.84
44.41
40.52
35.38
92.58
41.09
20.53
17.67
61.33
38.89
8.74
94.24
37.34
17.11
23.01
18.22
15.07
95.70
63.92
3.93
50.66
45.18
68.85
33.14
77.94
1.81
53.30
55.79
57.80
93.35
26.69
69.84
4.16
96.51
70.49
7.38
20.15
41.20
70.91
24.29
20.75
48.30
5.27
89.57
14.79
38.21
91.36
96.88
68.12
75.29
22.77
75.79
72.35
19.88
29.39
62.95
99.30
43.89
22.09
4.70
29.69
28.83
3.15
1.54
6.61
5.39
50.17
72.21
79.21
13.14
9.92
10.88
70.13
55.34
70.91
33.77
21.28
99.24
18.52
64.10
47.07
25.51
15.22
83.13
51.50
61.53
89.52
83.73
46.09
43.06
62.24
98.43
39.44
36.11
86.30
38.39
55.84
16.81
27.11
71.73
80.49
50.76
64.73
90.38
21.77
35.33
55.85
62.91
27.39
68.58
54.44
47.49
90.34
86.60
52.48
44.08
33.21
67.40
69.53
97.65
64.89
34.05
88.97
25.38
62.36
2.32
11.61
29.94
42.19
8.70
73.44
78.25
51.18
23.70
53.07
70.41
23.77
2.19
76.70
97.24
24.91
47.65
13.50
86.30
21.43
70.45
42.97
66.25
2.60
1.58
67.08
37.12
.71
82.83
34.73
20.30
46.60
91.83
43.90
76.10
31.73
76.35
87.45
18.90
38.21
65.76
13.08
30.66
41.47
99.93
74.33
71.81
86.33
65.54
60.55
15.17
86.55
58.33
6.56
83.58
.48
95.95
99.43
54.71
90.77
90.60
19.55
7.42
85.09
53.37
75.81
23.37
16.43
42.69
20.35
24.89
36.47
88.31
58.00
25.35
63.73
19.17
96.79
92.01
49.29
98.64
21.95
72.74
17.19
23.65
13.69
18.15
64.10
75.95
70.78
38.16
83.41
22.78
46.51
68.44
12.55
52.15
51.40
86.00
89.21
93.55
27.86
5.87
42.00
18.63
56.05
10.68
34.31
38.66
7.27
14.13
26.07
15.27
21.58
35.44
17.71
79.71
49.53
67.01
92.86
11.56
64.52
50.25
81.91
63.04
22.09
35.62
27.44
27.02
14.66
92.23
44.04
37.90
46.89
49.24
30.25
63.34
35.13
97.25
8.21
91.73
16.94
50.94
38.04
45.34
41.91
76.10
77.98
52.46
3.14
13.98
39.04
93.10
60.56
93.76
13.32
92.29
1.64
9.89
38.92
72.56
83.03
55.42
1.06
93.09
97.20
44.43
59.26
96.72
12.66
27.53
33.02
57.87
42.91
2.26
75.16
74.91
10.01
47.66
10.93
78.25
81.67
66.45
23.53
32.18
77.53
1.44
22.35
92.69
59.77
3.86
38.84
46.24
45.97
70.28
56.66
95.17
8.08
32.28
97.94
74.13
50.37
78.27
55.26
79.16
91.13
10.51
80.43
65.87
8.59
91.91
15.17
26.59
49.45
17.24
76.53
87.51
40.16
50.93
90.18
76.63
85.73
9.89
98.73
.55
88.46
34.06
58.58
34.05
69.99
79.28
79.22
70.37
34.04
87.98
51.73
1.81
64.27
41.29
59.37
.58
12.04
73.11
62.60
47.88
92.21
31.39
3.29
15.81
71.51
4.69
78.33
40.78
3.86
93.21
91.74
40.09
39.55
92.73
6.00
13.81
11.20
76.96
78.35
43.07
78.32
9.32
85.88
42.68
94.68
88.93
14.51
51.44
47.48
36.73
10.99
46.21
6.21
57.97
74.84
47.72
10.26
74.96
97.48
45.04
18.98
9.92
39.62
3.74
45.93
12.19
74.68
37.97
99.50
66.15
16.06
21.06
56.52
86.60
89.11
80.74
2.26
7.10
4.82
75.57
80.74
93.13
41.56
77.07
12.42
66.92
43.68
88.61
53.01
13.71
1.36
16.60
86.80
50.10
84.71
71.78
70.37
74.43
66.99
19.69
68.81
86.33
86.82
17.76
55.34
58.16
67.17
73.62
77.39
64.31
30.24
34.45
27.48
26.24
21.63
70.11
95.64
10.83
84.55
44.54
21.57
27.55
5.57
78.89
9.35
5.87
86.88
98.00
15.37
98.73
87.05
17.07
70.89
49.94
12.05
69.55
54.75
83.88
31.47
99.08
88.84
24.53
41.11
38.47
89.15
27.26
92.17
76.93
68.73
11.80
60.11
73.05
55.22
17.69
31.42
5.62
55.36
64.43
45.56
66.86
71.62
87.90
40.85
93.37
51.96
41.68
18.33
99.14
32.69
97.54
55.45
21.52
16.65
52.73
72.64
16.66
14.05
53.36
80.42
43.79
61.69
73.24
11.68
59.12
28.02
44.89
74.81
99.78
5.69
26.16
46.64
75.57
91.56
99.38
61.27
2.30
54.36
42.84
40.66
3.98
94.88
84.36
55.90
83.50
10.10
45.45
4.41
11.25
83.39
11.36
37.46
9.39
35.89
16.65
74.96
16.00
91.06
19.39
.04
97.61
23.74
47.67
34.50
41.29
87.90
41.53
58.28
98.23
43.25
80.64
50.64
69.59
29.63
83.33
99.36
22.23
70.57
86.39
44.85
97.31
22.30
66.42
.88
27.61
23.17
43.51
20.78
11.11
39.80
15.84
58.68
97.67
50.84
9.86
8.96
33.19
57.19
94.75
93.93
71.49
58.22
2.48
9.71
7.99
87.60
14.75
33.40
11.09
59.45
26.93
40.66
27.41
35.85
75.72
82.27
15.27
90.05
22.01
20.75
16.90
6.31
13.27
33.42
14.77
26.68
11.00
47.25
29.62
28.30
57.69
82.54
8.59
90.00
75.33
47.39
21.05
86.60
32.62
43.03
26.09
31.09
91.74
11.33
1.22
70.12
47.20
79.91
24.88
26.87
98.95
38.07
86.74
76.56
60.01
6.90
59.03
34.74
84.80
50.98
.21
36.03
18.47
15.74
77.49
82.07
10.00
64.46
88.89
41.36
2.08
32.00
37.44
90.68
9.33
8.59
60.13
98.23
23.20
16.33
42.43
61.93
36.49
43.21
55.83
32.74
63.64
55.58
39.86
72.65
43.46
18.13
13.05
19.56
50.83
12.60
37.84
57.35
10.47
61.24
83.20
18.31
1.87
29.16
26.00
77.15
67.61
.92
6.91
31.34
89.16
.90
10.06
.69
74.02
54.61
67.00
20.50
5.91
68.56
94.94
47.63
45.74
40.01
66.76
46.05
35.35
94.70
76.26
69.88
48.22
90.76
5.72
15.40
51.78
19.86
24.81
71.11
94.46
82.96
50.33
54.73
7.34
17.44
73.89
89.90
14.92
4.44
21.68
41.27
82.73
91.47
44.29
96.90
90.04
23.24
47.64
59.16
5.62
86.25
66.57
81.41
61.51
37.01
51.52
66.85
65.04
2.19
85.59
27.74
63.31
10.04
74.77
88.81
75.47
36.82
56.77
6.77
38.43
29.33
55.72
69.50
69.07
95.26
69.20
33.09
32.45
36.70
11.81
52.55
19.47
39.17
55.05
63.15
79.74
18.16
97.43
72.96
25.83
68.43
70.22
34.72
23.67
57.60
34.87
75.15
10.50
54.55
55.98
73.13
36.44
86.05
40.28
95.01
8.89
70.10
16.30
14.63
29.81
83.54
92.33
68.48
55.10
83.22
70.69
22.35
72.75
14.78
15.43
54.85
91.68
11.36
67.30
95.12
56.76
5.71
75.14
87.54
57.21
53.39
66.04
94.60
75.29
92.27
7.73
90.23
30.15
44.20
26.51
41.20
7.83
98.12
31.34
21.27
32.33
1.05
60.46
54.02
25.10
23.05
10.99
34.33
20.90
55.59
33.59
35.29
56.01
48.54
74.62
68.01
21.99
90.92
26.42
24.72
82.62
92.25
2.48
2.48
84.65
27.67
89.06
74.10
54.08
68.01
37.16
45.90
58.75
28.33
49.54
17.55
35.46
33.02
86.46
38.58
25.08
13.92
60.55
37.84
32.66
28.80
16.47
87.86
31.45
12.17
94.33
54.16
59.18
47.60
56.93
71.30
13.08
81.35
20.53
81.69
36.10
80.93
66.45
71.50
.94
78.84
26.60
38.39
40.87
31.78
29.48
30.04
46.45
68.70
65.84
99.49
46.31
97.21
82.61
33.69
16.17
87.21
42.47
24.83
15.63
52.97
92.30
70.68
34.88
10.68
68.78
9.77
44.46
96.75
31.34
19.92
80.66
94.58
54.04
34.72
66.05
31.73
26.32
61.09
60.40
78.17
9.83
13.97
60.53
97.03
73.39
18.47
19.37
73.72
81.74
69.06
34.37
76.81
44.51
76.39
63.21
84.53
42.04
77.01
60.84
44.46
31.52
29.25
96.00
20.84
3.23
69.06
97.76
23.77
.28
53.94
2.87
7.81
37.07
80.01
23.37
73.48
52.16
17.53
30.60
4.63
9.05
73.76
56.34
27.04
15.07
58.22
44.90
79.06
62.85
95.38
51.06
44.13
11.40
2.34
67.64
6.32
14.80
25.01
84.11
55.54
75.05
5.33
22.79
86.66
42.85
34.15
72.94
8.21
14.92
29.64
44.43
.69
80.05
69.61
92.85
41.82
46.97
97.33
25.37
46.57
47.08
15.51
83.18
53.87
42.24
80.35
9.97
28.21
83.85
8.83
58.82
34.65
63.13
16.36
59.58
88.72
64.64
8.72
68.01
78.81
84.97
63.00
44.15
8.07
6.87
45.14
62.40
5.24
25.53
28.46
38.61
9.32
7.96
97.15
70.55
41.86
29.29
41.29
27.35
42.32
70.24
76.17
90.61
56.87
79.14
47.26
45.50
39.25
98.65
14.72
43.53
43.26
32.52
46.30
10.45
60.97
80.92
85.99
52.50
88.09
4.31
7.28
22.06
78.42
85.04
4.53
39.89
83.26
43.86
23.55
35.23
58.14
33.83
83.66
57.48
59.40
78.29
97.19
33.19
46.15
41.30
49.75
91.25
49.41
19.30
64.77
55.13
69.20
20.57
38.99
6.47
13.50
55.96
2.63
56.62
97.63
98.24
26.83
24.33
82.21
80.54
74.44
6.41
38.96
94.74
65.64
46.01
99.03
19.66
9.00
48.03
56.29
55.73
30.90
65.22
69.42
68.23
21.17
79.76
30.80
43.98
1.38
35.24
47.76
48.13
13.83
31.54
12.27
26.80
23.53
81.51
18.79
39.23
23.71
42.19
26.95
18.59
35.76
75.72
55.43
54.67
99.04
65.62
36.86
63.32
52.67
12.41
59.31
58.03
21.87
59.41
69.62
66.81
34.91
54.22
15.96
44.33
12.94
34.38
62.99
13.36
94.87
36.63
21.03
32.35
82.09
68.56
93.28
26.75
13.69
48.35
59.32
40.38
11.94
14.22
81.71
60.17
69.86
28.27
43.34
42.83
87.86
51.31
97.90
24.96
5.05
45.08
42.78
29.79
12.09
65.95
4.68
92.87
77.23
50.51
61.82
16.92
64.85
57.41
13.21
31.63
76.74
22.19
45.75
77.93
.38
2.19
42.72
58.63
5.53
37.26
23.54
96.84
90.81
28.56
3.94
22.40
45.14
42.57
18.15
62.38
55.73
80.26
50.31
46.67
63.55
12.65
80.95
51.73
40.29
72.73
66.17
96.89
36.54
11.41
32.24
75.89
29.88
70.42
86.14
53.77
83.87
98.46
14.18
83.94
14.06
38.81
64.61
3.82
45.53
46.33
88.01
48.47
37.90
49.46
39.72
81.47
48.72
59.34
32.02
79.43
3.33
41.75
60.90
22.73
40.72
10.34
22.07
38.64
8.60
69.78
73.92
14.92
88.09
36.10
1.22
52.33
38.71
87.96
82.99
52.46
67.75
57.72
70.05
43.80
44.57
53.76
33.57
33.34
.05
16.68
54.47
33.66
73.98
51.21
85.47
56.12
99.51
42.82
32.50
79.75
42.12
63.57
70.08
2.15
43.40
95.17
26.79
54.14
54.60
48.84
50.97
12.84
83.68
41.65
94.38
79.36
20.88
96.39
32.08
96.72
52.59
68.65
70.50
71.21
20.95
68.47
82.49
26.06
37.47
36.51
47.95
60.36
13.21
54.95
72.04
7.78
24.86
21.93
98.67
90.09
96.40
94.93
36.85
38.51
39.70
13.35
69.29
12.29
63.42
43.54
18.94
78.45
29.64
50.20
7.10
29.13
10.11
87.76
49.09
3.84
70.09
22.19
98.25
52.57
86.64
39.37
66.97
22.90
90.30
69.54
24.78
79.10
4.60
58.99
97.91
64.82
45.85
50.24
71.97
1.74
37.56
89.31
30.17
76.72
88.06
65.32
42.95
6.85
78.08
1.35
62.10
88.28
5.51
58.10
61.88
27.81
38.92
82.05
13.16
28.83
38.25
28.56
72.59
52.91
11.57
16.84
18.03
6.63
90.02
28.70
64.23
9.75
19.70
45.63
47.90
85.13
88.77
30.06
80.47
73.34
30.74
95.74
28.12
16.00
71.12
79.24
94.14
70.19
13.16
20.37
46.35
13.68
90.85
82.56
53.68
75.71
52.59
95.97
70.31
81.12
77.03
85.92
33.19
27.14
64.57
57.20
19.30
21.66
92.10
40.66
42.74
99.20
66.79
72.86
58.61
96.68
65.27
71.68
80.44
14.94
98.77
91.36
11.07
13.82
1.74
88.70
33.14
88.81
1.88
9.28
4.61
55.52
92.90
6.70
57.07
24.36
97.48
41.47
.35
82.69
78.21
66.56
95.48
13.81
26.23
96.23
70.01
73.28
33.90
71.91
14.47
11.75
36.32
84.10
16.98
80.38
88.96
83.25
64.07
80.21
33.65
13.75
60.19
19.85
93.91
35.28
95.86
27.42
31.68
53.55
24.76
22.01
92.53
68.50
94.05
87.47
63.96
62.22
8.79
7.33
72.19
91.11
1.44
13.14
47.27
17.19
20.27
70.79
92.92
12.17
47.06
79.26
8.12
94.13
3.30
84.70
20.83
12.12
7.04
18.73
10.55
76.13
97.76
54.77
16.15
41.57
55.39
38.49
48.28
96.16
1.63
89.15
51.27
64.49
86.30
87.86
88.79
41.20
29.95
65.22
59.23
86.70
14.66
76.29
82.53
71.66
89.77
3.96
38.05
35.77
86.35
62.96
74.98
34.48
14.98
86.57
61.22
83.31
55.02
65.36
84.43
73.58
30.42
73.14
69.84
25.64
6.99
59.26
33.51
66.07
39.23
8.15
46.69
63.92
40.84
67.24
47.26
37.72
52.62
22.60
97.73
49.65
33.45
57.99
55.58
36.34
6.28
67.41
91.37
86.71
48.98
3.87
63.12
66.41
32.44
38.02
30.82
5.78
72.61
68.69
74.36
13.57
81.83
74.85
60.12
52.29
75.48
23.25
86.76
12.56
14.64
49.38
29.00
53.88
42.71
10.72
90.00
36.90
4.61
70.67
67.12
58.35
20.85
9.22
34.10
14.12
25.40
72.07
43.06
58.10
66.68
63.84
54.30
94.77
13.38
62.87
8.35
42.24
3.82
85.37
65.66
28.94
26.01
54.67
52.07
42.09
18.86
37.98
65.22
28.70
39.87
97.19
16.31
61.41
53.66
63.16
4.63
19.98
57.59
83.39
47.95
7.13
75.36
12.14
21.12
12.45
17.75
8.55
87.06
61.73
30.95
84.10
39.77
40.91
26.87
93.14
17.42
63.23
17.79
92.40
84.81
56.61
57.70
4.22
29.46
83.77
26.92
6.12
63.07
72.18
82.92
35.18
71.10
22.97
40.66
39.14
7.26
88.54
38.37
28.54
86.73
56.84
91.28
84.07
92.13
57.38
34.95
51.54
69.96
8.40
12.20
13.30
61.24
57.73
63.41
59.41
80.24
31.06
38.56
94.35
27.40
90.07
61.07
5.95
99.00
20.67
38.68
91.90
34.55
16.57
34.59
86.28
25.56
97.27
83.01
53.68
94.05
.93
58.13
21.48
38.19
22.67
82.37
2.56
33.16
26.40
90.77
19.87
70.82
44.75
51.94
82.02
18.75
95.36
82.54
74.80
80.69
84.51
82.82
27.33
44.02
39.13
63.07
83.52
7.32
6.98
27.62
59.67
91.12
91.43
32.08
97.12
48.34
41.89
31.86
25.50
7.67
4.06
95.88
36.14
2.35
45.17
67.75
28.39
59.95
8.26
18.80
31.69
54.40
17.35
51.99
25.63
50.66
50.27
84.05
76.84
4.35
19.73
54.31
86.81
14.26
54.74
82.83
98.00
63.57
54.48
28.27
36.74
27.62
94.25
75.99
81.18
70.31
99.62
21.06
29.88
99.03
68.70
97.34
12.65
99.23
14.91
43.85
28.60
23.24
22.99
92.78
19.09
65.39
59.62
9.48
82.50
15.76
56.43
14.36
16.74
48.07
88.30
68.89
31.14
63.89
2.51
13.39
4.39
84.93
15.43
3.24
77.27
57.78
82.56
1.79
60.06
11.80
65.12
53.05
3.07
89.09
61.64
75.80
25.98
48.53
46.70
91.23
26.41
30.32
60.43
21.23
91.79
56.29
22.41
71.50
19.60
32.68
1.36
44.24
10.64
16.63
57.99
8.99
37.78
5.32
92.77
97.02
7.92
7.89
72.40
74.42
29.26
63.84
79.38
92.34
67.52
79.12
27.52
8.81
25.08
61.06
12.77
26.14
5.24
47.04
23.95
90.04
29.98
37.78
20.22
52.40
64.22
66.41
93.88
8.22
62.19
56.55
75.60
79.23
92.07
49.14
7.01
31.20
14.16
6.27
.62
80.61
84.55
32.65
30.65
67.09
31.60
90.59
50.23
42.57
5.52
22.69
9.88
55.37
33.00
37.88
60.36
88.30
17.90
61.25
58.87
43.14
17.03
95.76
61.77
51.06
85.47
94.69
79.36
28.27
29.91
98.04
88.46
89.21
30.25
42.70
47.35
76.05
90.18
17.01
34.06
62.32
55.17
93.32
33.86
40.95
93.07
38.83
34.82
12.78
66.88
74.56
51.02
50.11
41.64
25.14
82.72
21.67
58.44
77.85
39.31
30.38
77.16
48.52
97.14
33.44
36.62
33.84
37.03
85.25
5.85
14.96
8.63
68.19
3.59
65.86
98.04
53.60
44.20
10.94
33.37
65.93
27.83
71.53
48.78
6.72
30.34
38.30
41.72
31.83
63.91
7.72
.50
65.35
73.50
24.55
49.45
76.65
5.99
79.51
57.87
43.26
39.00
21.68
85.19
71.48
84.82
58.29
89.87
49.21
90.86
31.28
12.47
60.97
42.89
79.59
53.96
3.71
39.54
18.84
10.12
4.07
47.68
95.92
89.64
52.31
66.79
5.20
39.23
36.61
27.55
84.97
22.40
82.21
25.09
47.99
50.48
74.67
40.25
38.74
43.94
73.48
33.91
50.91
10.18
3.03
8.67
83.80
59.90
41.92
19.90
63.84
48.52
17.70
83.70
8.17
20.89
54.94
73.54
61.63
58.75
16.82
18.83
95.18
78.01
27.19
19.24
14.38
.51
58.98
66.41
89.72
28.77
27.58
21.38
87.22
86.09
33.09
30.24
47.27
44.49
54.32
73.40
32.44
52.96
8.98
34.28
41.04
95.11
59.63
42.33
61.80
51.18
62.90
92.21
27.74
12.58
30.77
65.86
12.02
99.16
96.96
87.72
97.24
58.65
58.96
24.46
41.22
86.31
96.73
.16
56.54
88.21
52.94
35.54
19.35
26.12
96.17
35.35
23.52
24.20
78.78
42.14
.29
88.03
43.91
46.40
30.78
85.00
32.45
93.28
88.78
61.93
90.10
54.22
64.97
30.42
77.00
38.29
39.77
33.39
38.07
2.45
92.04
17.25
.88
82.40
53.38
73.49
29.66
6.76
43.74
80.43
78.97
75.77
53.09
71.61
58.69
83.01
65.85
80.76
43.14
33.40
60.30
64.63
31.45
64.34
53.41
85.34
93.80
7.91
2.91
41.22
18.54
41.64
23.46
71.55
9.23
62.82
20.99
24.61
67.03
87.47
.62
70.73
34.20
18.20
57.36
62.43
67.24
47.98
15.88
92.51
54.62
66.27
46.01
77.05
93.17
12.65
44.04
95.87
89.82
79.08
36.13
55.05
60.78
96.72
30.18
97.86
59.08
55.52
14.82
79.21
73.18
95.86
80.50
36.03
4.11
79.95
16.24
31.67
47.05
98.11
18.05
25.61
74.05
89.79
30.15
21.66
39.18
62.64
28.50
77.48
4.69
74.20
47.66
16.35
17.46
.19
46.66
67.82
48.51
51.19
7.24
78.40
45.43
14.93
58.85
75.57
37.22
95.49
28.63
38.61
74.44
92.59
21.72
28.75
83.39
14.27
47.82
57.29
62.69
44.43
22.73
25.50
52.86
93.14
90.76
52.83
65.13
42.04
32.88
21.00
64.50
59.69
48.84
.92
63.57
2.63
26.88
96.20
99.12
36.62
43.95
33.08
30.92
9.47
71.33
49.44
23.92
82.09
96.01
87.85
48.88
77.54
6.15
76.91
64.36
39.21
30.98
93.30
23.11
98.77
69.73
33.03
79.97
42.09
92.03
84.27
65.03
27.01
43.24
86.74
25.71
50.81
41.96
82.90
34.53
87.19
14.33
14.64
5.67
12.35
69.66
96.00
62.44
18.66
85.78
97.15
50.54
69.92
38.48
7.69
97.24
87.36
79.42
8.59
75.70
67.89
39.52
70.93
44.93
26.56
10.64
17.23
1.43
24.63
37.55
26.32
96.19
91.04
34.04
36.28
41.92
70.45
22.65
1.83
60.17
34.40
85.46
91.96
94.73
72.95
5.29
71.94
48.86
44.33
70.90
99.52
87.35
97.08
17.87
79.55
81.16
95.44
77.56
63.30
62.48
72.09
10.46
49.44
1.04
4.72
7.63
41.88
8.69
62.77
53.86
46.59
28.62
99.02
59.97
44.20
68.03
67.01
87.61
57.94
88.53
29.67
10.25
47.87
77.39
87.30
76.05
1.13
84.54
93.72
64.86
55.48
25.03
48.04
60.16
88.71
14.83
46.82
88.96
30.05
29.16
56.24
18.22
1.35
46.64
17.21
34.17
75.63
70.00
27.68
73.09
48.52
94.95
55.91
16.13
53.99
32.09
25.97
8.94
20.23
73.88
82.64
17.49
53.48
38.44
86.53
85.54
58.30
15.18
12.30
16.57
51.12
83.19
23.03
62.72
.69
73.00
71.82
67.23
33.76
94.38
38.34
73.09
77.32
58.82
42.11
80.14
69.55
83.52
87.41
5.90
61.13
76.05
84.87
81.09
45.56
63.52
64.21
89.79
2.59
48.04
39.04
46.51
12.66
41.77
10.14
87.44
1.40
58.97
96.65
41.72
3.66
19.83
65.99
40.02
93.81
51.63
92.83
12.27
15.67
56.46
14.95
24.27
59.07
51.14
69.76
3.71
72.79
75.70
88.71
10.10
73.59
8.93
99.31
10.29
10.06
26.50
34.06
31.62
66.20
85.97
74.17
77.82
44.75
25.61
62.21
9.59
53.16
19.55
2.16
11.29
25.92
40.43
28.12
87.93
56.40
42.52
63.58
62.45
78.42
93.29
11.98
72.48
33.39
49.36
16.27
97.79
82.13
94.05
.34
84.67
72.37
28.10
58.29
72.44
52.67
32.38
88.97
68.07
31.24
2.26
82.74
60.17
14.45
86.64
54.70
10.82
23.77
51.92
84.81
15.07
82.16
30.69
68.72
71.59
81.59
8.15
5.52
65.16
91.59
45.65
48.31
22.20
45.49
39.76
22.09
63.40
46.03
67.86
69.52
44.65
64.50
76.80
19.72
46.48
69.00
29.96
87.92
45.49
6.35
39.59
4.36
76.75
79.50
76.62
39.74
75.43
7.77
67.78
41.53
67.76
30.73
61.56
20.61
67.07
18.13
68.29
30.64
18.61
78.30
57.55
64.30
28.63
14.99
26.43
49.80
7.80
69.01
35.89
68.54
56.61
95.02
49.33
30.85
21.66
66.06
97.32
40.31
55.21
68.89
35.76
49.22
18.01
51.89
60.54
57.89
75.42
13.50
91.50
38.65
50.19
74.55
40.49
71.79
11.81
60.21
34.46
65.22
2.15
28.64
72.57
91.98
19.56
22.53
58.62
20.82
9.67
86.85
64.80
33.59
40.08
91.77
50.91
20.42
68.35
23.10
84.31
18.42
47.72
54.19
80.31
13.32
53.66
93.33
9.98
54.41
55.66
8.13
3.12
42.78
3.38
64.89
7.69
40.50
43.89
84.71
53.72
14.03
37.97
10.63
10.06
68.98
96.97
.50
14.81
55.37
19.15
8.58
7.04
22.69
64.75
95.83
86.35
82.05
72.07
13.44
79.25
89.37
83.72
37.10
97.38
97.80
21.58
90.64
30.50
40.27
21.90
86.66
29.77
93.72
17.79
29.22
1.29
45.48
35.30
68.90
48.05
29.26
51.59
74.37
69.82
23.10
48.72
85.81
54.52
5.20
85.22
45.78
72.27
44.58
98.79
60.77
13.82
63.19
48.50
32.70
98.79
43.53
2.18
13.97
15.87
71.79
76.00
81.80
47.10
.11
36.85
97.97
71.64
83.68
85.59
18.85
40.12
98.50
49.24
46.93
60.65
73.82
23.74
70.16
39.38
79.51
25.28
18.08
74.45
93.39
27.96
74.90
10.84
35.71
88.13
28.86
25.17
99.16
81.80
4.24
24.78
21.27
10.47
18.30
13.33
43.19
62.71
28.31
96.27
73.93
54.36
86.12
74.03
32.46
8.30
97.08
98.07
71.08
76.46
88.14
45.61
93.41
51.27
26.17
2.42
67.55
61.49
91.39
30.02
.94
98.39
3.42
33.47
87.12
71.92
17.53
38.98
56.76
54.09
57.54
36.95
65.14
26.66
28.15
45.04
26.87
13.79
54.61
98.70
64.52
46.76
30.25
81.74
72.83
77.59
13.55
68.71
12.26
30.90
5.67
62.01
36.70
59.60
56.52
72.40
28.94
48.62
92.82
8.88
64.32
93.31
35.40
15.64
48.30
64.21
74.27
17.77
76.78
58.40
.16
15.19
49.27
29.04
48.76
94.33
24.80
79.40
.31
11.34
47.61
5.39
91.04
37.09
85.77
71.56
35.37
44.14
19.54
9.45
28.23
59.12
88.24
34.34
95.34
.08
54.59
86.65
85.94
67.58
73.66
17.87
57.29
60.80
59.86
56.90
83.06
45.65
30.04
12.89
29.02
10.33
63.08
92.97
78.26
5.68
57.44
39.39
55.75
82.77
86.63
19.55
97.20
7.90
49.84
34.43
31.01
56.80
89.82
46.23
93.52
63.70
3.44
64.60
77.57
28.77
1.77
71.95
22.51
67.69
85.85
13.37
89.55
21.04
92.00
24.13
30.70
27.75
26.24
18.81
51.71
7.16
51.18
20.07
90.00
86.95
10.90
62.04
76.83
60.52
79.09
63.82
29.93
56.85
94.30
31.82
27.36
58.12
2.31
16.09
46.39
5.98
60.11
15.66
12.23
96.19
68.65
.37
90.52
72.91
92.18
92.84
74.88
99.16
90.83
32.98
66.15
97.80
40.16
29.72
13.51
28.67
36.41
89.96
89.38
91.83
89.42
2.74
99.64
24.33
86.52
48.80
88.82
88.42
70.28
99.53
85.83
32.80
10.41
67.79
49.89
45.54
66.04
73.46
18.78
6.82
28.24
90.84
31.86
93.18
4.81
52.06
98.68
80.86
59.32
90.88
11.05
45.11
44.71
24.75
50.83
55.09
78.05
89.44
28.73
19.13
87.42
60.09
.69
44.17
24.88
15.53
47.16
34.86
79.56
28.21
68.18
72.61
44.48
91.62
42.49
83.34
87.01
28.56
22.38
23.33
48.50
59.57
87.76
87.44
51.59
48.52
62.58
70.99
24.99
84.50
4.75
97.33
65.18
3.22
16.74
56.86
42.00
99.40
88.06
90.03
20.76
31.96
73.35
86.70
17.43
78.43
29.98
67.41
25.40
51.56
87.71
58.44
52.45
51.77
99.69
71.44
84.72
92.21
28.63
51.27
50.81
99.92
55.24
61.15
93.79
65.96
56.61
32.64
71.21
90.35
91.89
20.27
94.14
43.45
49.43
65.07
85.10
44.35
55.29
89.74
81.58
39.15
16.34
19.14
37.08
47.04
73.05
44.17
74.76
30.61
66.60
24.52
30.21
38.38
83.13
56.50
79.12
61.92
23.65
15.51
83.56
48.05
62.69
19.93
5.98
7.04
.72
52.86
34.09
62.20
85.84
21.26
31.64
93.09
79.09
28.44
80.33
34.78
63.79
84.79
6.16
9.29
54.80
84.43
90.00
81.53
45.94
30.91
46.60
51.72
45.03
3.60
18.82
19.39
85.49
18.59
74.56
79.32
70.00
52.49
12.90
39.32
97.97
65.81
82.65
81.68
51.49
83.88
91.86
25.26
66.27
67.10
39.86
83.80
94.07
30.49
34.98
57.33
70.67
52.38
70.30
38.36
39.82
46.23
17.63
62.04
47.43
56.19
65.42
80.81
12.85
76.94
70.34
97.37
4.35
91.51
14.16
47.73
94.37
67.01
57.59
85.67
46.98
47.18
61.07
83.76
94.55
33.72
98.82
32.34
93.79
53.22
26.89
87.64
11.99
65.81
78.65
92.97
83.99
83.09
51.64
72.57
96.97
27.96
18.91
77.08
6.44
87.09
44.72
41.41
59.41
77.85
9.41
1.15
3.20
75.96
52.03
2.11
87.58
27.40
19.93
28.94
26.12
98.91
74.66
73.62
68.56
4.84
40.64
61.99
50.18
85.17
99.05
57.91
26.50
99.29
23.18
68.10
71.95
43.23
23.35
78.22
19.71
94.39
19.76
60.82
46.72
36.81
89.75
9.18
62.42
22.78
42.38
67.70
42.83
81.94
57.52
48.94
62.59
97.90
89.61
50.28
16.73
33.97
76.53
9.01
91.32
4.87
13.14
63.71
37.23
58.93
46.10
21.85
25.32
57.02
21.26
68.81
12.50
8.18
68.78
91.91
28.14
49.81
41.70
34.58
98.36
40.66
34.00
40.31
61.30
68.58
90.98
93.94
91.28
61.74
91.23
18.60
41.36
32.08
22.63
40.65
34.76
72.85
97.49
92.10
83.90
78.05
51.38
80.32
92.39
51.15
48.93
18.02
.40
22.85
75.84
73.30
66.32
3.13
31.26
68.88
39.13
51.51
46.66
32.52
64.57
61.54
48.83
76.64
85.96
19.97
52.66
63.91
45.59
19.67
17.07
97.83
66.17
76.15
22.03
62.62
93.82
22.06
28.06
25.09
13.26
31.44
61.01
2.56
4.53
55.94
24.10
95.65
95.78
39.27
77.21
82.53
81.60
12.38
38.81
71.94
18.14
62.45
59.83
16.49
76.72
11.39
90.88
94.80
36.57
35.82
14.18
81.11
23.45
10.10
39.85
34.82
56.04
55.93
72.55
58.35
44.84
38.13
38.94
91.92
99.28
54.41
28.95
36.02
37.91
29.27
44.70
18.82
63.94
36.56
69.72
54.20
63.63
43.73
68.00
68.65
8.78
91.89
97.54
10.36
95.94
99.89
76.47
92.11
35.08
8.32
70.83
61.24
8.18
59.94
82.87
34.63
54.10
46.41
6.10
84.08
.66
38.36
79.30
8.83
56.72
55.63
15.22
85.42
97.66
27.46
1.99
42.77
26.29
38.98
75.14
70.13
67.55
59.10
36.43
29.28
60.61
97.87
52.13
8.66
44.42
46.74
97.59
26.83
94.16
13.63
27.92
65.39
54.91
77.00
44.99
87.34
36.51
47.56
99.94
75.95
78.47
44.75
17.46
11.22
67.97
65.96
52.98
86.39
94.90
51.04
97.29
55.18
58.51
21.91
24.49
92.17
97.37
7.83
38.46
43.08
.92
50.32
10.81
39.74
74.76
18.84
18.93
55.23
74.28
58.02
86.59
78.71
91.49
30.50
1.54
96.64
78.65
15.43
34.66
77.39
18.63
72.25
13.40
69.40
7.18
81.51
8.63
39.78
94.68
30.31
78.50
99.83
46.47
18.57
75.47
86.60
19.57
23.97
63.37
95.57
21.29
78.68
10.36
88.58
10.33
78.71
20.37
33.16
24.66
68.21
41.00
64.69
72.11
15.13
38.67
1.38
99.32
22.22
63.79
83.19
62.81
97.91
37.39
50.86
61.54
45.27
79.00
28.60
55.12
13.97
60.84
25.23
83.40
.40
17.27
22.19
24.27
73.81
60.65
74.30
74.45
52.78
54.66
9.16
15.10
55.47
74.35
74.60
28.78
99.79
38.64
50.13
66.94
34.87
35.43
7.68
28.63
44.12
72.06
80.13
99.84
72.03
74.46
71.59
20.38
91.50
27.60
22.67
90.66
47.04
96.09
25.92
4.06
79.78
89.82
72.05
92.49
65.12
41.74
95.75
2.33
70.92
47.14
81.58
75.95
74.74
72.64
84.94
.03
62.58
80.95
20.81
95.98
68.04
33.17
74.17
70.23
.97
24.21
89.45
12.38
57.75
78.97
4.07
27.79
1.48
86.73
1.02
17.92
49.56
79.96
68.85
76.51
8.92
69.43
74.13
52.35
54.26
32.67
70.84
40.91
53.84
14.81
94.10
5.80
8.71
41.95
11.31
98.49
86.66
65.99
33.05
40.28
99.79
56.58
17.95
53.69
96.24
31.41
41.17
82.57
10.48
68.71
34.46
19.45
44.50
77.69
47.18
67.18
32.22
11.85
22.55
97.37
73.79
97.69
30.74
32.75
12.63
17.17
51.80
72.56
68.53
26.15
54.86
.61
32.82
12.78
77.78
64.20
77.97
.23
71.07
88.75
33.40
76.03
33.79
97.67
31.45
87.05
35.31
40.01
33.27
73.19
86.59
89.52
3.00
25.69
97.39
67.71
10.38
46.72
31.58
61.03
6.90
55.68
51.95
47.48
38.70
34.49
27.77
21.62
30.66
29.56
63.81
8.66
.26
31.03
97.91
87.89
37.37
31.45
5.50
3.86
16.78
25.37
44.29
29.55
93.72
49.11
70.07
60.12
69.67
75.37
55.37
57.98
5.59
71.69
46.80
40.29
2.79
3.16
3.94
98.77
67.79
10.41
73.00
68.05
27.02
21.67
61.86
13.88
59.42
64.50
99.45
95.12
70.71
26.77
82.14
64.77
41.78
79.56
32.76
14.21
45.36
14.96
23.35
32.30
40.25
70.78
42.15
46.18
20.35
11.32
17.12
34.50
16.82
8.03
43.85
54.92
26.24
17.50
3.86
8.23
64.99
85.39
.85
68.52
30.45
14.43
87.26
45.72
83.65
22.12
.90
10.19
54.62
79.67
82.79
2.00
11.49
67.46
.71
67.46
27.84
4.06
60.80
14.27
28.68
6.57
49.20
53.23
94.73
17.41
9.42
99.20
57.49
89.78
27.69
37.07
22.62
58.10
67.76
19.19
18.35
32.39
69.97
50.41
77.02
46.31
4.75
33.55
23.14
57.47
50.04
94.04
59.30
45.53
44.09
75.73
12.23
78.69
50.50
1.54
26.07
22.39
60.55
22.54
67.00
45.62
49.49
36.96
34.01
39.23
98.18
46.31
54.45
98.73
88.95
30.58
79.58
39.49
85.72
66.16
85.51
6.22
12.24
80.92
27.68
10.47
49.57
39.28
93.74
80.17
83.94
76.75
48.28
33.29
49.88
58.28
66.05
94.10
29.66
17.57
5.33
54.96
89.91
45.63
82.02
49.30
58.93
35.98
66.95
41.98
74.26
61.14
43.52
62.13
58.81
50.57
31.20
.66
16.25
63.61
1.36
69.59
71.37
2.80
86.38
73.57
19.83
92.57
10.33
75.47
92.72
56.36
50.12
47.12
86.54
61.16
69.63
84.23
56.59
62.60
56.41
29.87
22.71
76.18
30.03
95.01
90.39
20.41
84.68
86.50
47.45
26.30
74.56
52.92
56.45
84.29
49.97
37.04
26.80
4.46
4.38
79.95
16.62
98.82
98.58
56.26
84.36
55.43
86.33
32.73
82.79
63.35
78.06
32.88
63.80
64.68
43.97
59.47
41.55
55.26
75.90
73.45
43.74
29.39
98.68
53.16
65.61
65.26
45.88
60.64
30.29
77.77
92.35
23.61
50.02
23.42
66.42
.65
77.69
27.60
48.57
35.25
36.04
19.30
99.85
19.60
12.33
.06
53.64
83.25
10.61
44.73
46.96
93.57
60.81
29.91
64.31
4.96
94.09
12.81
15.74
22.17
7.08
37.88
73.71
49.23
54.56
31.56
48.70
80.26
29.33
56.49
92.22
50.57
11.10
35.79
77.72
7.73
91.86
25.10
24.86
80.64
14.36
5.73
.60
21.99
92.43
95.48
51.83
74.28
17.02
25.85
98.55
63.04
90.38
13.54
43.97
52.21
72.17
62.49
38.69
5.77
65.97
68.64
69.54
87.94
22.46
63.67
30.66
99.35
86.31
26.23
74.25
90.86
67.93
9.84
31.56
18.46
78.32
84.85
40.87
2.96
25.42
68.74
18.33
36.08
34.01
23.67
60.41
31.41
17.34
33.26
71.70
52.61
98.59
31.43
71.14
64.24
52.90
45.51
40.85
41.19
16.66
32.85
47.42
41.39
89.50
35.81
82.95
93.82
37.05
53.50
44.75
78.41
87.22
30.01
96.70
78.20
1.53
89.23
32.78
65.05
94.40
3.67
93.95
39.90
67.86
71.07
72.93
86.07
27.06
86.74
78.73
9.82
42.61
41.65
22.23
36.42
30.12
46.99
27.56
1.51
24.02
84.17
70.00
28.22
33.35
6.05
90.43
8.23
80.43
70.00
39.07
11.60
39.82
66.21
56.39
34.53
14.59
15.73
8.15
56.88
9.89
51.86
53.10
21.99
89.22
65.93
36.95
70.16
28.49
93.74
74.23
54.07
14.28
42.46
.78
39.76
68.71
9.79
54.12
49.63
21.28
26.38
66.18
35.64
89.48
60.99
33.58
80.09
75.10
63.56
64.28
9.14
30.26
85.66
86.21
69.82
98.60
9.94
43.54
65.26
90.75
40.88
99.18
64.67
10.50
57.36
8.40
4.84
8.28
4.41
27.73
78.25
1.86
6.24
75.67
58.74
70.97
15.67
67.52
50.92
1.63
75.81
5.07
61.41
29.49
59.38
13.91
81.07
6.54
68.13
85.85
36.20
95.26
20.18
2.39
13.57
75.88
26.86
85.78
89.35
38.06
62.01
49.22
95.08
16.39
56.74
94.48
35.34
20.86
10.45
36.48
31.11
7.78
94.82
17.47
.54
34.82
41.90
10.66
4.42
44.18
49.53
2.85
77.62
22.38
7.74
88.91
39.67
92.03
48.47
6.91
27.84
1.20
47.31
92.11
24.03
89.62
61.11
30.65
53.65
27.00
67.96
48.88
18.48
38.90
87.17
83.62
88.72
58.03
95.96
39.70
19.68
64.68
27.04
56.82
77.73
9.26
26.46
75.24
56.99
41.87
74.82
11.31
43.18
8.98
26.35
28.13
34.65
16.02
.48
14.04
61.50
95.79
68.23
62.14
53.62
67.51
11.70
77.81
95.67
18.91
99.32
28.11
73.07
94.86
11.75
86.64
56.71
29.64
73.49
20.65
96.16
17.61
94.22
13.54
91.22
76.86
.17
14.75
89.89
23.95
40.73
62.08
17.23
44.49
88.62
26.48
73.84
13.68
12.56
88.48
55.73
93.85
90.98
66.94
37.49
11.90
52.26
85.94
30.05
98.60
72.62
83.56
70.96
53.59
36.21
37.66
30.35
85.49
63.50
7.84
18.90
64.78
44.27
70.42
65.57
18.48
68.77
53.82
92.25
90.51
37.33
65.17
50.02
89.30
42.33
36.27
97.73
44.94
58.98
6.37
96.93
2.38
51.82
2.84
69.79
84.20
2.14
76.69
16.18
66.81
88.48
99.23
14.70
27.12
6.85
28.76
38.53
33.53
.52
11.60
1.68
74.44
80.04
90.50
13.56
40.40
53.39
55.33
60.77
1.80
53.48
85.80
53.64
53.14
45.56
4.21
72.20
26.83
20.75
77.08
21.16
15.01
33.29
79.32
57.01
75.90
19.40
61.47
81.25
43.15
42.88
41.64
3.75
.76
49.25
77.14
67.37
34.44
73.97
57.59
90.99
20.60
42.77
1.57
31.92
68.77
22.37
31.55
90.36
89.75
28.70
48.21
79.19
22.61
75.92
24.68
59.96
16.59
54.86
93.37
2.90
30.80
61.97
3.99
62.85
83.96
61.13
89.77
75.64
59.42
49.88
90.86
70.47
46.44
18.63
48.67
62.34
77.65
37.18
3.26
35.62
5.02
76.17
96.84
55.26
41.49
72.79
10.65
44.86
84.34
79.95
40.44
52.58
27.23
95.92
45.74
85.13
63.13
57.51
92.10
27.83
77.60
94.10
42.40
84.20
33.04
81.94
42.98
62.70
48.46
8.83
93.64
9.95
86.39
57.41
86.57
40.11
68.92
42.49
48.91
37.97
58.12
92.02
25.55
20.13
52.73
44.87
94.92
22.52
72.43
48.96
18.76
45.83
24.01
82.98
88.99
30.37
69.44
91.98
49.54
51.40
44.94
22.47
39.15
22.49
12.26
66.32
22.35
69.78
58.58
74.44
50.12
93.22
99.92
80.86
19.17
62.08
84.45
85.88
79.34
1.74
36.45
82.83
72.37
16.04
30.00
77.45
72.06
55.58
31.60
40.76
35.69
85.81
5.69
57.04
69.86
31.02
33.53
76.99
59.93
70.33
56.62
62.61
11.50
39.97
18.88
15.51
5.09
52.51
48.63
12.84
70.38
78.27
90.64
36.35
45.44
46.55
71.78
69.19
97.76
15.17
59.13
52.30
49.34
25.67
48.95
37.68
65.75
8.51
6.54
49.29
40.34
27.42
62.68
64.19
29.41
55.79
60.46
56.09
71.15
58.90
37.96
1.50
51.93
15.42
26.72
34.68
67.36
49.25
43.93
51.81
62.06
58.37
56.88
7.01
22.21
21.45
2.38
13.17
38.02
34.57
50.97
59.43
49.33
80.92
15.93
83.29
36.98
64.19
20.60
90.59
24.98
43.04
53.79
99.31
14.16
88.26
63.06
93.97
76.41
46.93
57.98
17.10
.88
38.65
21.67
90.94
98.00
27.72
57.88
58.41
35.53
12.00
32.77
55.53
1.91
44.60
6.12
79.62
66.66
57.39
84.87
96.73
34.69
86.90
73.48
40.44
72.39
12.66
40.15
89.44
16.66
5.46
65.88
76.13
65.15
48.93
93.88
70.15
85.66
41.55
51.32
1.80
76.05
8.24
72.06
38.19
51.77
50.70
9.59
2.20
37.88
44.06
92.67
28.72
94.60
43.50
42.63
85.67
10.95
99.29
40.96
48.45
60.02
90.87
8.61
5.53
20.92
81.81
34.18
89.99
37.59
65.90
67.37
77.74
2.68
21.95
76.01
66.02
25.74
19.60
50.29
48.06
69.61
22.07
26.31
29.13
16.00
12.81
92.40
87.36
52.05
32.65
36.36
68.54
53.17
51.54
89.65
18.62
74.46
14.87
25.12
99.44
52.87
97.96
69.25
4.04
65.17
74.44
96.80
86.25
83.33
54.42
85.88
45.87
17.95
76.27
25.27
65.68
42.82
42.60
81.79
79.39
49.56
75.00
55.55
60.52
89.52
25.25
73.56
61.64
22.37
20.92
97.84
.40
5.47
42.55
53.55
84.38
26.24
26.22
14.49
90.30
1.14
60.65
18.71
64.71
38.74
1.23
25.28
93.04
92.37
54.34
64.91
92.08
7.91
95.46
81.45
16.53
6.23
71.36
9.50
34.92
26.65
3.21
83.73
22.03
97.48
50.52
29.99
35.71
93.00
18.47
44.96
94.31
82.35
90.83
31.86
47.72
75.18
48.96
22.53
39.69
21.10
94.08
83.29
92.15
25.92
23.93
71.12
3.10
6.14
27.96
79.74
39.07
14.82
55.73
91.06
20.08
37.36
82.07
26.21
40.76
73.20
39.60
72.81
44.72
91.21
14.09
50.20
70.79
70.39
1.72
62.79
19.70
15.25
8.31
83.15
47.66
65.67
30.16
1.15
79.24
4.76
93.93
73.24
46.20
5.01
48.44
6.65
1.14
43.11
95.21
17.56
25.40
56.68
16.67
9.24
48.85
12.50
10.85
26.41
26.26
5.03
69.76
55.61
69.56
6.65
44.86
57.66
17.96
46.32
27.69
38.12
39.48
2.25
36.13
84.16
96.06
56.04
37.55
22.55
72.06
70.53
59.07
81.91
61.17
21.64
31.98
75.02
30.45
35.97
92.44
52.01
31.63
59.88
14.03
13.44
9.99
13.39
78.76
14.29
68.59
62.95
2.92
33.94
81.92
80.37
21.49
35.40
17.28
42.57
.72
87.68
14.15
66.45
92.31
79.36
92.65
66.03
64.51
8.36
10.28
65.90
45.70
93.40
63.20
3.46
93.99
15.83
32.78
5.56
63.15
67.02
11.28
30.45
69.06
46.33
1.37
24.47
74.16
27.12
73.54
55.14
97.37
84.50
82.59
46.89
26.48
57.11
89.91
63.87
56.46
97.80
11.67
55.47
2.61
52.91
14.81
4.61
40.34
98.57
12.56
95.98
5.10
53.70
68.85
52.33
45.17
84.17
7.33
70.47
57.64
10.31
34.76
25.29
53.92
30.65
30.71
.39
94.43
79.20
26.01
46.62
4.74
40.18
91.08
66.31
34.97
54.80
81.53
70.12
52.77
67.83
43.68
55.89
66.58
78.25
65.16
14.58
60.13
77.97
67.10
76.81
81.91
85.29
73.31
75.66
74.02
5.65
59.29
16.12
43.67
81.30
79.37
9.51
77.48
23.51
93.69
52.92
73.95
56.34
68.31
7.26
22.70
39.38
1.94
55.73
90.23
78.03
40.06
4.52
81.68
75.21
73.87
21.43
35.52
25.26
85.17
95.10
73.83
2.52
90.91
37.17
74.74
50.51
61.25
42.92
55.51
34.87
33.92
72.18
54.79
83.81
23.72
11.45
81.09
2.67
31.51
30.82
50.33
16.08
89.34
54.65
70.40
60.81
39.72
23.76
42.78
24.84
36.15
38.74
42.26
4.47
69.23
38.77
4.61
30.12
68.19
88.68
98.91
93.36
1.05
17.80
86.40
93.54
98.60
78.81
71.13
10.05
56.66
72.07
28.64
98.40
29.64
11.49
58.73
2.53
13.74
91.68
45.85
73.60
33.06
53.09
26.23
86.53
83.36
31.48
55.04
49.41
59.42
21.46
38.47
7.99
89.75
79.82
45.97
57.97
29.77
43.80
46.03
90.93
18.63
41.76
15.26
16.26
88.41
29.42
54.95
21.33
25.09
93.48
11.87
54.58
19.92
26.19
40.92
42.25
17.12
89.45
65.96
78.46
59.34
55.08
92.23
60.56
55.67
29.04
98.62
76.66
48.75
41.77
91.74
90.89
37.40
14.20
34.56
13.45
18.86
89.55
72.22
86.86
51.04
54.84
65.12
67.88
99.13
62.61
5.02
35.30
23.37
3.59
33.88
7.88
84.97
73.89
6.95
13.63
95.98
26.52
42.05
12.31
15.40
96.59
74.78
35.89
98.56
41.49
96.00
78.62
39.89
43.57
82.52
37.80
10.05
80.84
44.10
79.10
77.70
83.66
1.02
76.21
23.36
59.88
75.21
53.64
98.32
89.10
24.63
43.38
54.96
58.06
76.13
51.86
76.63
33.22
14.89
21.42
65.09
44.25
70.07
62.51
1.04
82.55
95.76
27.31
79.86
2.85
83.69
92.97
38.38
52.39
60.39
23.97
31.01
42.49
14.70
86.83
83.93
20.14
74.02
97.55
54.55
93.66
97.53
92.46
50.12
15.36
82.85
26.63
14.18
27.29
89.12
20.27
72.41
30.85
63.66
93.43
40.52
50.61
22.30
51.83
35.92
23.76
73.91
12.69
2.24
62.07
98.79
88.48
51.22
1.00
87.13
78.33
49.94
71.98
19.39
52.52
32.96
8.00
23.25
53.52
99.05
20.40
73.26
78.72
59.63
64.93
8.86
54.49
42.48
49.09
33.93
59.19
18.20
19.68
26.88
3.31
9.27
8.97
33.98
29.29
62.00
11.57
40.68
50.28
10.10
9.83
15.90
7.76
35.39
65.00
2.17
91.12
35.78
44.03
81.23
28.67
43.78
57.19
78.84
29.51
99.65
40.57
85.37
28.24
72.48
29.16
59.39
60.21
39.99
31.42
50.22
74.47
82.87
34.00
22.69
73.24
23.39
36.67
91.96
52.26
39.46
41.77
80.00
4.59
15.11
.02
86.29
42.15
46.35
44.87
25.00
83.63
7.45
31.51
18.31
55.42
96.54
33.36
51.55
52.88
22.20
38.81
89.30
13.48
62.67
34.04
23.92
60.25
28.08
54.00
77.81
84.43
82.74
32.78
9.17
49.41
39.25
87.34
77.10
14.76
19.16
23.84
6.59
98.50
85.90
64.61
56.42
18.92
94.89
55.72
33.79
82.61
72.99
29.85
18.21
14.85
34.95
67.40
54.38
60.44
67.96
19.93
48.63
18.13
66.99
34.20
56.91
10.58
83.72
42.78
83.58
32.91
59.32
67.46
19.78
67.71
47.70
15.74
37.56
2.25
99.98
37.07
22.08
34.11
73.00
45.86
67.54
5.95
45.36
11.08
84.89
66.94
72.86
58.59
69.21
18.64
91.88
31.52
52.98
66.72
84.16
6.70
27.82
66.12
49.15
70.46
51.62
17.19
91.23
15.90
70.84
42.73
18.36
35.66
78.18
52.19
65.80
48.92
94.81
77.78
4.15
19.72
13.48
49.82
64.27
94.61
63.53
63.73
13.65
12.07
62.47
79.24
48.12
13.75
99.90
84.31
21.15
17.75
59.05
50.60
18.69
98.24
18.79
5.08
1.89
52.34
94.91
43.44
82.16
25.17
72.93
14.73
63.54
6.98
57.01
13.98
85.87
12.61
9.43
29.68
28.83
2.71
83.50
6.54
91.92
8.58
58.86
.06
47.93
78.29
72.93
19.78
79.14
69.97
4.47
79.90
43.95
80.61
6.41
2.85
89.38
12.97
3.51
49.42
20.24
51.83
67.58
82.03
59.09
41.68
58.23
2.32
82.93
32.36
70.02
43.12
2.42
86.58
58.50
35.95
57.13
23.92
27.01
20.13
36.56
9.40
43.60
7.26
.57
81.73
23.38
65.49
65.60
56.14
55.26
42.43
42.84
29.94
74.10
2.27
63.71
64.82
79.35
13.06
4.08
19.63
79.53
83.80
23.87
59.58
98.28
16.77
71.40
73.24
11.96
11.05
62.90
87.86
1.70
25.18
36.70
84.80
93.32
83.17
99.13
82.22
27.38
87.12
24.26
70.04
48.76
81.53
43.41
53.43
29.93
99.94
61.80
85.43
45.87
12.80
69.72
46.58
99.23
86.87
73.30
60.41
54.36
61.31
56.19
16.69
76.21
43.20
97.33
11.90
85.81
26.10
12.76
5.62
37.93
39.37
59.21
35.20
98.51
43.12
36.33
26.80
49.49
93.65
50.64
90.50
76.94
17.98
59.43
89.50
4.79
52.41
95.28
29.04
20.70
19.49
83.57
19.23
3.62
40.93
3.74
28.14
2.76
9.55
13.08
55.92
37.20
72.45
46.60
29.27
81.64
9.75
30.62
36.55
79.52
28.56
98.89
98.11
77.46
29.95
80.29
93.87
6.69
48.66
34.59
51.01
46.41
9.37
49.37
27.77
91.59
91.53
74.65
16.80
13.66
45.52
64.77
31.03
46.10
56.71
17.01
28.14
49.22
11.40
45.05
76.13
8.16
78.77
2.25
61.56
96.74
86.24
74.22
94.56
95.88
32.28
93.25
70.34
89.83
50.36
88.19
5.51
76.12
10.29
72.43
79.39
15.82
19.37
89.97
75.46
19.55
64.42
85.12
36.15
11.61
18.24
34.56
15.27
39.75
19.16
82.56
36.84
1.41
20.47
49.63
46.49
38.33
98.59
42.96
72.03
11.23
2.90
82.94
93.59
3.60
28.17
74.28
60.77
19.65
91.52
92.54
83.52
34.84
99.55
27.15
67.41
29.99
98.59
20.80
59.46
89.56
11.38
71.44
20.21
73.22
76.51
18.18
40.41
75.99
23.90
15.06
75.87
76.81
38.88
7.90
83.01
38.03
90.29
68.45
99.24
58.89
24.08
7.41
27.51
5.00
52.54
83.31
52.16
32.84
1.75
47.73
34.46
3.32
14.91
19.04
10.80
31.73
47.62
56.65
43.54
52.58
32.74
15.49
55.37
87.71
37.03
96.85
11.59
93.08
79.51
75.40
1.64
25.88
32.51
74.90
11.04
17.21
80.10
85.23
68.09
57.46
65.99
62.16
95.69
1.93
23.13
27.69
98.18
82.10
40.66
93.70
65.36
64.57
90.19
64.68
81.53
34.03
3.34
36.05
86.01
89.25
64.94
93.99
43.45
31.81
62.32
39.99
47.13
96.16
9.99
8.40
96.73
16.48
51.38
19.35
62.79
51.04
24.28
10.59
75.00
87.87
65.17
21.75
48.28
36.98
19.12
62.55
91.72
73.79
16.48
82.36
28.73
35.99
75.50
72.70
93.88
91.96
90.66
76.70
61.53
92.43
70.78
49.62
4.75
89.33
97.78
13.54
79.04
55.68
87.55
75.54
74.58
68.64
47.61
33.74
83.42
24.29
42.52
78.40
83.52
36.96
98.20
6.30
49.97
38.85
98.41
5.81
65.99
35.98
53.06
37.38
20.89
95.87
46.70
29.45
50.38
38.78
7.68
33.53
95.86
79.92
74.12
33.58
33.46
22.90
70.47
84.98
51.29
36.30
50.77
65.90
33.60
54.48
8.74
60.10
44.70
31.56
2.78
54.55
91.75
43.12
95.04
26.99
85.99
73.97
57.34
19.64
14.65
52.41
54.18
43.25
82.24
91.46
73.14
32.72
79.08
75.74
36.44
79.96
87.50
89.06
93.92
2.97
41.50
12.22
67.24
70.80
14.57
33.21
88.10
93.38
22.17
2.50
48.75
2.49
90.01
35.27
62.51
95.55
57.85
9.17
13.83
87.35
59.26
31.31
62.84
16.62
42.29
51.62
57.61
84.14
73.55
80.68
98.95
56.80
98.54
30.05
97.17
58.27
14.96
30.37
57.82
81.09
52.37
98.35
34.71
97.10
41.65
17.70
91.98
13.65
.80
70.80
24.59
21.69
59.57
8.37
96.50
8.28
95.02
72.11
69.55
60.83
52.48
92.25
12.13
73.72
81.65
65.75
96.69
78.30
26.88
84.17
17.83
57.05
71.71
20.29
88.39
69.61
53.48
1.98
.29
13.88
31.24
98.43
68.70
69.02
11.79
19.06
13.51
18.72
12.83
78.67
70.55
32.92
69.62
13.71
66.20
94.18
72.21
44.12
34.12
90.67
53.97
62.50
.03
62.37
38.87
98.53
11.91
78.75
95.05
49.99
46.52
47.17
35.13
94.00
80.65
99.43
50.07
92.00
75.44
80.70
62.54
80.36
85.73
69.78
38.34
94.75
72.77
92.67
99.88
10.90
68.32
52.22
44.47
97.10
10.89
86.12
81.94
64.20
50.69
82.47
71.19
68.17
99.06
27.85
53.07
66.80
80.01
36.00
48.50
57.57
27.00
7.38
14.78
26.65
56.22
99.02
30.72
20.63
39.50
42.71
11.50
11.83
94.09
34.91
38.20
65.68
4.91
36.48
23.54
34.53
95.11
62.25
25.20
95.86
65.44
11.05
61.59
25.00
29.43
85.34
80.62
42.61
82.14
76.03
81.67
5.14
53.33
43.32
93.32
13.14
12.46
6.71
64.88
96.60
12.61
68.87
38.54
99.08
83.23
36.98
30.88
23.17
7.19
72.43
67.05
18.72
47.09
95.23
79.50
92.11
17.46
93.12
3.86
89.99
35.07
36.73
79.33
64.30
17.69
82.27
87.88
56.39
43.37
50.98
47.68
47.90
26.81
10.49
9.36
13.36
17.12
47.66
90.91
75.37
72.20
14.53
26.67
7.09
19.11
49.54
99.27
48.49
66.54
24.72
69.06
3.26
96.27
46.02
15.52
61.26
23.39
39.15
57.03
47.78
81.92
85.64
21.26
35.42
61.84
35.48
97.05
66.98
96.54
11.26
10.36
28.32
75.39
36.56
32.11
79.36
35.07
66.31
43.36
97.88
65.83
70.70
54.88
16.29
53.54
25.65
2.24
34.54
67.22
92.76
15.04
73.80
93.03
29.57
89.52
94.82
10.39
56.93
77.44
42.87
3.67
24.43
40.90
96.32
3.57
57.33
12.78
90.35
56.82
38.45
45.56
58.88
29.22
77.44
27.34
87.88
58.07
46.22
93.33
1.82
82.73
14.27
63.54
10.96
99.13
.36
92.74
31.77
3.22
68.38
27.83
55.62
11.42
33.92
29.18
81.09
71.85
15.79
27.69
44.73
9.21
61.95
57.36
81.47
78.13
2.67
24.23
21.41
35.40
35.91
47.05
82.68
79.47
28.98
32.21
51.64
47.49
29.24
26.42
50.93
4.45
11.90
23.90
83.55
7.00
57.74
91.96
7.01
75.25
45.32
18.64
35.33
59.96
63.25
79.25
88.51
49.52
96.05
64.64
9.44
21.52
14.13
13.68
46.34
7.09
3.16
44.55
55.01
2.43
.99
85.17
9.97
32.04
71.14
61.72
25.88
40.44
31.39
16.20
81.36
65.37
73.05
88.50
6.58
24.37
51.76
17.14
42.22
28.71
4.73
83.37
3.39
23.90
50.26
48.12
84.46
44.55
55.90
8.56
22.83
62.69
18.97
31.50
98.57
3.20
89.37
4.74
84.84
98.12
79.05
84.15
79.60
52.04
44.19
4.35
42.84
95.15
97.23
63.64
35.73
7.37
3.90
90.46
8.09
7.47
47.30
47.52
8.86
14.26
95.87
32.50
.43
3.65
94.96
89.73
42.40
4.77
12.62
55.70
72.82
1.33
9.72
23.48
55.60
30.03
71.34
25.78
81.84
97.18
32.23
4.46
9.53
66.38
52.41
55.65
1.49
5.72
50.59
13.81
74.27
21.22
83.16
65.58
2.50
44.64
64.17
64.78
32.17
88.65
57.68
53.66
44.46
29.75
38.49
82.32
76.89
30.64
8.80
58.06
52.98
67.32
79.59
49.70
93.03
83.76
73.27
17.81
79.23
56.72
81.48
41.37
26.10
17.21
16.12
63.70
64.02
41.24
25.15
86.05
77.61
92.20
5.19
95.97
53.81
70.07
32.65
29.41
84.94
98.40
51.90
30.41
40.78
59.17
4.82
90.27
71.02
67.56
59.27
19.47
24.30
64.10
96.04
29.57
73.19
89.93
43.14
80.17
16.13
2.52
4.75
76.26
86.44
83.65
17.71
85.20
36.47
89.42
82.96
79.18
80.41
92.74
61.31
99.16
73.21
72.87
93.57
79.17
75.19
13.81
3.51
66.27
1.66
83.18
68.74
20.41
85.56
77.19
99.49
81.42
87.00
33.38
48.04
45.29
68.45
32.54
82.78
1.15
16.68
34.02
99.79
41.84
33.36
14.61
12.35
76.03
35.11
9.89
54.09
37.88
.64
89.38
54.98
11.40
77.88
31.91
1.14
61.09
17.16
6.03
69.11
87.77
27.70
1.81
33.27
9.06
64.42
5.07
80.99
97.81
39.46
52.61
34.30
98.48
18.57
58.19
69.30
81.34
6.53
52.79
44.61
87.69
47.37
39.94
99.13
65.14
65.75
26.99
55.58
91.63
53.65
56.89
71.46
39.08
63.12
31.15
11.81
33.32
.21
84.58
79.04
25.34
27.77
45.06
24.70
1.17
75.76
87.51
84.74
22.21
26.13
70.04
25.86
6.06
86.80
22.82
63.44
29.28
93.90
44.83
13.89
57.43
85.10
52.82
73.34
85.53
67.80
17.43
73.06
2.55
65.67
16.89
47.82
77.02
64.61
35.87
67.35
98.08
94.82
38.11
23.87
95.78
79.57
45.78
38.43
7.94
53.26
64.96
47.97
56.60
1.47
7.65
61.07
46.91
3.81
73.55
25.64
3.32
66.83
71.59
34.46
13.80
18.73
80.79
5.46
61.27
.16
72.70
13.05
83.52
26.12
43.75
13.78
17.49
12.84
34.61
5.30
52.15
60.49
45.81
80.94
35.36
57.71
94.45
93.96
54.09
27.02
94.73
25.25
35.38
61.73
86.84
56.34
95.49
14.34
83.36
85.41
98.56
83.88
49.93
88.13
73.11
15.71
88.01
17.80
74.22
70.71
41.37
59.19
72.73
43.19
5.22
99.29
98.77
6.62
77.12
54.96
66.19
44.67
52.06
1.79
57.13
81.34
30.88
81.96
51.32
58.52
80.45
29.49
43.44
21.70
57.18
40.73
3.82
65.61
80.97
34.85
2.58
60.05
25.95
95.07
35.24
23.43
76.39
54.26
59.44
36.55
81.40
90.73
76.22
92.16
30.43
29.51
67.18
57.67
63.20
2.35
29.10
87.33
22.07
5.99
31.46
58.09
52.86
11.93
59.10
19.05
60.90
23.67
92.11
38.24
33.06
47.57
18.17
2.27
43.74
41.91
68.88
74.87
72.97
35.84
20.58
48.11
78.12
64.02
3.02
26.81
77.41
46.34
14.55
70.91
22.79
52.68
51.20
83.21
62.67
31.97
18.96
70.73
20.86
52.23
13.47
26.53
46.98
93.43
19.24
76.15
25.84
58.77
1.96
7.58
68.46
21.49
41.67
57.10
45.93
4.18
81.83
54.78
68.46
95.45
50.24
42.42
57.15
44.93
41.20
65.05
3.17
41.44
35.09
2.05
60.44
71.97
71.73
48.45
71.42
78.95
86.76
78.50
83.30
82.33
66.39
23.93
71.50
9.21
75.48
77.45
51.35
78.87
66.09
88.42
24.98
23.86
79.34
52.13
80.09
88.77
11.94
6.54
30.31
37.47
30.91
41.40
62.33
17.16
84.53
93.14
34.24
72.40
76.01
46.15
51.73
76.64
37.17
86.08
33.73
49.52
64.17
53.92
67.74
58.83
54.42
31.31
46.51
63.31
14.53
46.36
72.33
38.90
92.83
27.70
12.95
44.92
26.73
49.39
94.05
29.21
85.34
3.78
17.26
41.50
30.54
10.91
99.60
22.86
16.09
23.68
40.86
65.65
93.70
15.54
38.43
93.46
97.19
44.55
85.85
93.10
31.83
71.49
10.82
41.85
4.15
72.74
31.40
12.55
89.81
29.13
34.60
5.98
51.66
90.92
11.04
55.84
88.54
16.02
11.15
74.85
16.21
53.54
23.69
62.21
56.40
98.28
15.97
72.66
37.33
72.76
16.28
54.96
89.44
3.01
64.11
3.96
54.08
42.23
.96
34.25
9.46
61.43
26.07
76.09
58.26
70.92
94.69
14.33
14.19
57.67
94.35
39.73
71.27
24.25
94.17
58.92
38.60
92.89
26.19
13.61
76.02
94.85
23.91
93.08
71.61
99.47
12.77
84.49
60.59
50.18
20.47
95.21
97.15
65.12
50.36
98.26
55.39
29.26
40.62
97.61
54.00
51.53
13.76
83.42
70.26
85.79
6.39
49.24
33.19
17.57
57.47
72.64
63.39
99.98
24.90
18.96
57.45
81.51
94.83
13.68
98.51
6.20
45.81
43.11
11.60
82.24
30.81
85.61
72.01
8.96
44.32
45.56
18.16
24.22
48.46
61.25
16.79
84.19
42.66
84.11
77.22
15.80
74.78
81.97
14.29
88.39
7.79
1.42
14.82
35.85
76.16
35.82
71.40
22.64
88.45
84.32
8.88
88.37
58.87
54.95
44.02
23.97
79.20
59.67
86.91
29.82
74.94
73.47
13.66
81.14
24.52
80.63
14.55
79.02
58.94
11.61
48.95
97.31
.79
81.51
19.15
44.32
45.88
77.30
8.61
46.68
39.02
5.09
17.49
27.81
45.75
1.15
67.47
97.50
76.32
30.53
41.83
91.40
75.07
45.88
72.25
98.60
48.78
55.74
83.38
94.47
70.74
56.11
58.79
51.81
64.00
12.45
97.29
37.83
36.78
39.69
87.21
17.50
15.79
17.73
38.49
73.86
99.10
96.43
76.77
25.46
29.19
90.23
22.26
67.48
68.92
35.36
47.05
88.47
48.57
84.92
28.88
17.86
40.09
46.43
97.06
40.69
6.80
24.58
96.38
75.41
70.74
17.82
78.96
48.35
38.23
31.81
70.58
14.09
24.64
14.67
47.95
64.79
23.57
89.85
6.59
43.58
72.76
60.42
95.09
27.19
79.34
85.89
40.81
71.16
80.20
86.71
94.60
17.38
30.03
15.31
77.66
48.18
29.10
42.82
22.29
33.78
25.55
50.36
60.20
60.60
52.85
80.73
26.85
46.84
92.24
1.85
18.63
48.67
81.90
56.82
60.45
35.39
29.95
27.28
16.05
65.39
26.72
16.11
.55
25.80
93.34
64.03
35.35
8.37
48.14
50.17
19.30
81.64
20.23
91.05
76.61
85.21
90.61
44.78
82.36
15.81
94.80
47.55
58.98
96.75
78.64
58.09
83.72
22.49
58.63
62.34
46.29
48.28
1.92
95.61
48.10
51.22
7.47
72.10
40.50
23.34
39.41
72.84
57.67
70.34
36.56
32.37
12.03
79.81
97.86
81.59
84.63
92.05
22.42
49.57
61.32
53.28
65.16
1.10
36.46
56.35
54.09
87.62
30.54
77.14
3.85
19.88
45.19
96.17
51.51
27.74
9.79
54.53
35.20
59.27
57.70
30.86
34.16
84.87
6.69
41.53
89.29
14.87
8.31
60.47
27.69
9.24
73.82
26.71
21.46
56.65
80.67
57.91
21.52
26.68
12.79
16.53
20.49
54.01
90.22
81.31
15.19
96.01
99.44
61.54
58.92
16.51
44.24
53.97
16.52
87.27
98.97
83.04
60.96
66.58
60.76
83.96
79.33
9.07
65.44
85.00
88.22
85.03
53.29
20.78
93.61
38.75
44.56
61.02
68.90
95.39
12.80
71.31
66.19
33.74
24.01
31.07
20.54
78.21
43.67
22.31
54.58
27.74
.46
67.79
41.98
31.26
35.25
41.68
42.02
40.18
57.33
97.12
74.76
16.57
75.66
55.90
66.62
52.44
72.54
83.01
59.40
60.51
39.46
25.72
42.40
29.44
.29
30.96
36.94
97.78
5.91
67.52
35.17
90.02
96.08
70.27
71.18
75.30
89.25
92.53
81.19
54.74
79.11
99.53
91.93
57.21
87.97
61.17
61.40
24.45
51.17
5.39
84.73
96.79
84.38
74.85
69.21
68.30
16.10
89.18
77.39
66.36
51.31
52.41
34.64
24.67
69.17
61.25
98.73
61.31
47.58
63.47
92.77
43.43
50.28
87.69
10.00
19.10
8.78
16.06
9.41
23.22
80.21
99.37
34.20
19.34
65.08
20.67
1.81
22.10
24.17
97.83
33.92
55.95
42.71
78.03
17.34
45.20
51.61
18.05
12.87
97.41
30.67
62.92
58.01
37.85
86.51
32.61
41.60
76.11
19.43
1.26
63.77
37.65
67.40
7.20
32.85
72.86
43.21
62.65
92.46
64.12
61.00
42.15
16.75
87.46
82.37
15.84
59.18
49.31
98.86
59.78
91.49
11.54
7.77
19.16
23.25
37.98
31.06
22.27
49.64
44.44
73.59
43.28
35.31
10.79
16.01
89.92
5.61
18.38
90.20
48.68
82.76
9.16
90.65
54.54
74.67
23.78
33.94
64.84
96.15
65.08
90.14
7.62
78.85
50.81
75.20
43.64
4.70
64.63
11.05
28.20
80.16
88.18
31.64
84.11
53.58
98.53
37.42
.14
66.47
45.14
78.02
50.92
20.98
78.40
73.66
93.53
40.48
87.82
69.44
33.66
97.87
22.13
53.44
70.03
87.22
5.77
59.53
19.43
18.25
36.86
18.86
96.96
20.32
49.84
20.24
75.84
52.88
53.26
88.80
79.76
32.63
7.36
94.91
66.69
4.31
89.39
60.84
47.80
1.39
5.62
41.25
47.74
66.09
47.81
15.70
53.05
23.51
59.77
45.82
14.60
34.20
74.45
18.46
66.61
81.25
5.99
16.72
.27
83.33
32.63
35.60
82.76
63.68
86.07
86.08
44.36
46.14
70.98
12.14
65.21
94.44
74.37
79.06
81.41
58.30
88.46
77.84
95.52
41.01
63.24
30.87
20.52
57.13
25.29
76.76
8.28
5.97
47.74
58.61
13.56
46.88
33.17
39.25
22.91
25.72
75.93
19.44
34.19
68.39
3.25
40.52
6.74
26.89
55.53
11.83
15.06
36.17
55.50
14.89
29.34
15.95
33.02
1.39
15.33
30.59
17.90
19.95