8038
9047
4386
9638
8987
2540
5206
4895
7615
1391
8336
4174
9698
987
6053
8854
23
9550
9524
1275
994
7998
1421
3795
8232
4812
7025
4633
4307
5356
8900
7942
5946
6314
1063
7796
1732
6998
531
2702
8198
9609
8948
8928
1541
2612
2519
7362
6000
1323
1359
6654
809
9009
6438
5331
8584
4410
2995
671
3810
8763
2335
9511
2978
7145
9851
3310
580
8602
6188
4750
1246
4080
8554
6024
9873
5688
2420
4405
9319
7239
6223
5544
6966
6010
1525
2259
7792
8267
3079
3078
549
9507
6017
3269
5612
1995
6923
4702
1848
527
1086
6787
8373
7889
2710
9464
1593
4726
1835
7588
7479
5694
9229
3520
5444
9924
1675
8548
8240
1808
8829
1792
7655
9532
5000
6182
829
8282
5448
436
2711
6368
39
6005
2590
9898
7065
5784
2307
7487
4375
4514
4224
5148
7297
1249
3108
9471
2934
1085
3477
7367
7767
1921
564
46
7150
7548
1362
8935
1469
8175
8716
8138
9401
8005
9179
9943
2908
2873
7925
2873
133
1314
5878
6423
2324
4876
6936
9835
7008
7595
8837
3244
1570
1514
1743
4518
1210
4937
4550
6549
667
7349
5073
8531
8010
8290
492
9616
762
8559
9594
8727
4585
3232
400
9490
2743
4007
3972
4955
5929
6023
1639
3461
2189
2034
3806
9594
969
1287
4950
3015
1323
5488
2163
6469
8670
1693
2211
9288
7003
8045
5926
4482
7852
1464
1744
9151
6066
1474
7341
4950
974
155
4116
2832
943
3531
2552
556
5954
4699
282
433
2757
8952
5912
7965
2180
2799
593
9069
1462
1416
2370
3729
983
9905
2896
1681
8739
7170
3260
7958
3024
9159
5627
9474
172
642
3302
2554
5276
757
1118
6133
5069
9567
5608
9207
7888
1062
3821
8745
8347
6457
1614
7032
9366
6276
8539
1730
4244
7189
9220
9555
9323
2268
1103
1573
4042
1137
7943
6359
4482
8630
3901
4673
6810
8124
9040
355
8945
9078
9256
9494
8150
9092
3872
2491
8245
8273
2866
7746
9098
4600
223
8751
3839
6325
971
6989
35
6870
9581
4215
8794
8320
9090
6381
3956
1326
1549
7241
1637
3385
7222
3999
2580
804
3586
90
6755
1923
4869
3326
7877
7962
1580
5877
8643
327
6203
7382
6364
1382
642
8064
1789
912
6652
6903
2490
1282
1321
1614
7562
1969
3360
1076
9697
9860
9264
2417
8658
3109
6903
7108
8298
3631
1922
6261
8576
9882
8086
3826
856
699
4776
1379
5883
3214
5891
4671
4157
610
2125
2539
644
2616
2412
7626
9902
3022
2175
3779
2382
4237
5826
737
3465
6899
3059
4426
6157
7588
4211
3712
8207
7254
8952
7410
395
4003
2630
6130
3963
85
4151
1730
5944
9629
7328
1276
9409
10
6807
1082
8063
1919
8506
5372
8195
1227
4085
4075
7346
7354
7297
1276
3024
4054
9655
8078
9556
7428
5827
3991
5162
824
1511
7089
345
39
2752
7407
9455
3841
5867
9872
3591
3334
8313
3037
631
5526
5851
9685
1048
1701
4268
2964
5843
1692
76
1451
7519
5269
7809
2754
2456
6848
4317
9885
2298
4933
1977
4707
9757
2028
4889
6737
9028
6821
2958
8661
4425
7086
9980
3090
8117
7303
4928
6123
1408
4513
9231
9584
2806
7714
9053
9115
7581
5419
3096
9068
3741
3510
6894
5897
1736
3111
1391
5514
3272
5484
8211
205
511
7947
4425
305
8708
1364
3333
6050
6690
3153
2065
1962
2719
8696
7657
8273
9285
4236
2101
3833
3218
2261
6013
9444
2753
4605
2257
8774
2325
9629
1881
1931
4346
1810
342
8743
1574
4869
8478
981
7925
2717
2880
6901
6089
3755
9039
1394
3838
8061
1732
5169
1193
401
4420
9668
8237
5986
9200
4467
2258
4363
3399
3299
1090
4108
1475
7106
2212
3715
2278
2703
4950
6240
3756
7451
8451
598
6020
7314
9630
536
8761
7330
4392
135
1497
2444
4536
4197
5981
2975
3488
4959
3940
6693
2215
8002
9954
1362
3525
5346
7952
1067
8088
9469
7662
3088
4184
2194
5602
4308
3669
4655
1062
4472
2051
4545
7638
7944
1833
8777
2339
3125
3274
7374
9703
9705
3298
9508
3540
9879
9662
4358
2456
1978
3396
8491
4412
257
6767
1181
8286
8563
2183
4890
4768
5054
2861
6780
4116
3556
3447
4901
3991
8317
7380
1929
8179
4868
6193
7204
8491
8934
2072
654
7953
1151
4796
1123
2096
2199
9221
345
3302
8103
6048
6900
1305
8459
1068
1481
6278
1704
3051
8516
6387
540
3182
3518
6214
9932
7566
5359
4651
931
6881
8145
1940
7026
237
6548
1652
3037
1891
99
9325
1257
6311
5943
6075
5560
7880
3979
6639
3235
1520
9073
3185
2353
579
4965
3500
5283
4461
7618
2935
9753
9864
7663
7781
8661
4746
7622
7976
1147
9843
4972
2464
8433
5608
8765
4281
3956
4485
2015
6987
2461
4920
1123
8471
9978
8162
946
7858
1924
5457
309
1804
4198
4902
6895
3312
6811
8598
4963
4185
2471
9228
620
9749
4891
7235
459
50
4992
3314
8179
6878
2097
5654
5976
8296
3564
3653
9957
6749
6593
8842
4427
9363
1812
4651
5605
4751
1065
4516
2348
9974
7428
3004
2319
7431
2519
6876
6669
3500
848
4439
3007
6804
136
6923
9745
1369
9084
7176
5757
859
7717
1770
8313
5524
5397
6835
5718
2999
2903
7848
7114
7723
211
2381
428
5077
3691
8739
7518
6487
8017
4829
3120
9928
5254
1401
6869
6904
122
1226
3051
7446
395
8900
8733
7651
8835
4922
1010
3076
9916
1441
4614
5146
8962
6525
5968
958
9798
9759
4733
7961
9477
9216
5395
635
6302
3240
2762
528
3457
1318
8617
4084
2204
1707
5093
5185
7757
3340
1955
282
5946
6463
2782
6487
7813
6636
9165
2136
7262
1724
6975
9873
1390
9201
3245
5190
7400
6443
7030
1686
8854
5489
986
9249
6166
5422
7739
8813
1673
7079
3111
557
5925
9555
1826
9168
9523
4261
2402
5857
2542
9028
2945
231
3895
9957
7280
4594
2202
85
5816
3695
5880
5274
1259
3283
3173
7432
8024
4033
6642
8274
7042
16
5538
2127
2169
5752
4301
3678
9386
2402
599
6781
2725
1622
6121
5959
9715
8471
7299
2079
699
6369
9551
6119
2180
1596
6964
7899
9224
7394
6940
4448
785
3007
3149
9524
1826
7052
9511
6360
6558
325
2051
8875
7953
1179
6966
2145
1804
87
6162
9481
745
5629
6510
3279
795
9339
6697
782
9220
7901
5419
8622
4230
414
2239
6904
3904
2407
3115
9522
2877
8542
4877
724
6712
3572
886
9795
9344
1302
565
2240
7859
1350
5152
1771
9369
7499
7461
2463
1871
33
2569
2159
3505
7565
3931
133
7354
1401
9367
5656
7541
6488
3729
9006
2159
4668
2681
2158
2547
5142
8522
3210
4224
1124
9807
7203
4203
1287
547
3215
4477
67
2096
285
3826
6988
5442
2869
3230
594
3347
9388
8225
54
5163
7941
956
7907
8659
5873
9403
9661
2928
8357
5495
9803
229
2021
7315
1006
7341
5993
677
1249
912
8458
5190
5098
3220
7002
693
6797
4808
8855
6184
4511
3421
425
6821
8121
1113
9980
6933
510
7819
3222
9012
5257
5950
4806
3573
3343
6208
7284
7298
5817
5336
36
4297
4798
6315
667
7712
9179
9777
8717
8355
755
7820
2470
4953
8352
9189
6408
8860
4512
4235
2835
4531
5308
4838
7915
9904
5940
4084
9585
5265
5082
6606
5118
8239
8775
1212
7443
153
3302
9016
3080
8755
8843
9901
2472
214
1386
3041
4533
7171
1136
9103
3561
280
1946
4380
6605
2900
6989
5666
5653
6901
384
8787
2521
1968
4406
9049
685
1250
7242
6410
7113
3650
4557
526
3807
1080
3484
4403
7206
5476
9309
6174
1625
3391
258
3934
2689
6633
4581
535
6043
6225
9948
6279
6461
7534
3373
4294
2560
2696
4232
4493
437
1130
2466
2718
891
4897
9603
435
7614
2733
9961
6739
6024
8095
5427
761
5350
3183
3528
44
282
1019
9051
1562
9910
908
2108
419
1462
722
4938
981
4900
8261
649
4138
4526
7536
6988
9668
7618
6906
7151
744
1072
4782
4723
6767
1097
9850
4096
8909
5656
7899
2586
6570
8829
1092
3701
6744
889
9194
9799
4316
7649
1278
1916
5620
8263
9257
6527
8785
6918
6536
6004
9340
5766
1429
9742
6059
9509
7205
7123
9779
2362
1607
924
5954
134
6010
1431
106
1012
4457
5597
6187
3681
3363
4824
1485
7301
362
4057
9334
6936
1174
9507
7830
2792
2646
5777
8605
4884
4620
9694
4979
4614
5935
4929
5846
1615
1765
6215
3690
9557
1518
1507
1691
8609
7898
2762
9942
846
605
782
9889
4439
8645
6158
8399
40
4037
2520
4723
7206
167
6406
938
8411
5628
4282
4523
2067
3010
1061
1181
6450
3340
2123
3247
8436
1175
8031
3691
2392
9767
7193
2454
4496
2239
7837
3815
2538
2321
8670
7816
1961
7985
2267
5466
4173
8849
8193
8839
9047
8034
1899
6196
5620
1182
5647
9978
8478
1962
3396
1403
231
1978
5800
7558
1799
2603
6365
9547
9351
4004
6774
4706
6321
5413
897
6637
4675
616
497
2280
3618
4674
801
5971
566
4824
4936
6240
1456
2669
1089
6959
6967
6611
8438
8188
3768
2773
8928
5774
3055
1954
8463
977
659
1127
2490
5608
9215
7886
7436
953
1350
4484
7740
2199
9240
5200
8915
2395
7172
5215
4975
2283
5727
9683
2686
9185
8497
6834
5708
4573
3097
7310
3446
4709
1816
7357
5716
1046
4156
8843
2758
9315
5982
955
5036
6693
528
6335
8999
3646
8914
6052
9863
1986
278
7500
6098
9505
6920
9572
5299
5632
9570
3596
1049
4422
3368
933
1835
7480
7265
5198
9041
9235
713
4909
5432
4696
6533
7035
2055
5427
3602
7256
7517
7278
3703
5932
1396
4830
7387
9742
8813
8508
2741
9696
7674
1896
291
9512
8135
5264
6549
7340
9858
7433
8350
716
9919
86
6744
6986
6520
2538
3564
14
8740
5207
3138
2499
7918
601
3368
8648
8520
5574
2504
2599
329
4883
7692
8779
7899
5551
2595
9244
7577
1141
436
9397
8105
8217
7995
3684
729
1615
3621
7414
6458
2289
3367
2722
1286
3247
3862
2339
876
4735
1913
3598
4716
6841
3927
5120
5677
5795
3259
1923
8289
6172
932
8514
4530
357
346
7595
6283
272
2541
9912
4882
7271
1868
5762
9320
2908
8801
8334
9473
6376
2023
5336
6142
8735
2104
5465
2036
5943
6462
5271
5288
2413
5348
1897
1328
4993
4731
7557
7140
9878
5202
6298
4286
7992
1639
3527
8915
6515
8239
8893
2369
8695
2958
6634
676
3537
1663
9635
9287
4874
5039
4125
6179
7132
8740
8616
6839
427
7599
3628
1592
9607
4520
1155
9401
5225
5470
5551
741
4810
2508
4518
5048
8647
5213
8449
3453
2789
4803
9871
4538
2129
8909
9492
181
8939
4057
2850
5673
2375
7030
181
7523
7076
5448
3204
2642
6307
1237
8408
893
517
5875
4001
4209
9901
9344
6239
7210
4498
3285
4739
6969
6649
6855
6147
5244
7691
3380
9489
2856
2573
3991
754
8676
2702
4132
8774
7141
3290
4329
116
2496
8586
6549
1449
1796
8854
3723
5631
7980
2310
3031
6185
261
2966
3464
788
7819
6929
6272
3365
6200
2376
1525
989
9312
3872
229
4291
8415
8727
2167
949
2911
7277
6173
946
7713
6582
5302
453
4542
4935
8299
8518
1418
9800
5674
2256
2420
2243
3461
9034
284
9823
4480
5486
8008
7459
7904
4980
1243
9509
4787
1383
9024
8113
8617
5747
1394
5026
6770
1344
131
3030
423
1622
3652
1780
2324
2587
7103
9240
593
8000
1925
9235
2069
3036
2006
6444
3212
2286
5978
4803
9664
2435
5682
5578
685
2152
6676
4313
5145
7015
644
154
4478
3944
1354
9268
8712
2802
8720
3610
6525
1091
6451
2133
1754
1957
8253
1376
6654
8874
9544
3134
4761
9609
6833
4592
1066
1952
6597
478
6475
1766
4811
103
3233
1070
7761
7777
9831
100
7611
1091
2764
4477
857
4209
281
4088
3119
6510
2398
2355
5305
8160
1510
8938
6266
994
894
9833
6106
8648
8442
9691
9790
6653
2277
1349
9300
4412
4306
866
721
6295
4997
7585
9944
5483
2013
3497
8524
2351
9141
3073
3598
6822
4930
5850
7827
862
2845
3953
3332
6129
3965
2179
7648
1344
1061
9550
2646
3904
8873
191
912
8690
1455
634
8232
8968
4119
5722
265
9952
89
4121
9752
5132
7991
9659
4166
4217
2932
4154
7681
2525
1351
1828
7262
6916
3238
6767
9530
5196
6000
3183
8210
5877
7975
4875
9482
2514
142
7400
9230
5913
3221
7593
9543
7400
3128
3524
4943
8351
6215
9597
8944
1136
5144
8854
6027
7405
8330
3482
2092
9488
8829
4944
210
5880
6367
7814
615
242
5038
2114
1566
1300
653
4142
1064
4165
2595
7396
4658
1221
905
9421
781
8753
1943
383
2380
8502
8071
5625
2471
8046
34
4489
3640
6730
553
2529
8930
7160
7501
2033
5270
2642
8576
7696
496
357
3523
5047
2088
163
5303
101
1988
3992
9880
893
7342
9183
7608
4082
5389
6866
3981
589
8283
3993
9551
7661
8315
6598
3476
4678
6522
4378
6022
3473
263
4302
5350
1643
5037
7133
678
9935
2127
4325
1675
5014
9824
1144
7071
2312
8193
1099
3594
5062
4244
191
5766
5502
9551
4355
8326
6858
9191
7717
6639
1153
6203
3716
4102
3542
8852
9263
6203
4238
4944
5167
8716
6586
1238
3830
938
6617
668
4175
8362
2306
495
799
2586
1061
4225
5385
186
3151
9792
8000
1160
2447
3879
9040
9062
8619
3483
7334
4132
3085
477
605
5964
91
6035
1082
6983
204
3100
8844
4898
5212
4592
6739
1602
9232
560
9914
5215
2131
7752
6019
8861
2718
969
499
2750
1776
4610
9256
5676
4644
7382
2959
4649
783
9093
4171
4095
411
68
759
791
5156
2603
2372
5593
7241
3942
449
5099
5779
4371
9997
2944
7015
7129
6050
9270
2347
3007
9313
5251
3993
8276
6419
4725
3653
5009
760
8323
8134
7895
5059
3463
2682
7756
6467
3885
889
6917
6066
1068
7705
4940
7218
6789
7997
2374
7067
5677
5888
9069
8103
6498
3234
6371
5993
1855
5711
6115
5939
5905
6888
5372
5491
7420
9029
4987
25
5341
2551
8780
2464
6642
8096
6308
8465
9012
5825
4326
888
3869
3762
4777
389
997
9529
817
9457
6332
8185
232
6247
1013
2720
4120
8682
4645
8356
4491
7879
193
1090
6498
113
4720
417
9766
9954
8023
1310
6906
7593
7956
5542
7301
9059
4145
8448
880
5685
1922
1735
8522
572
4796
2951
5179
4489
2301
6198
600
3113
3330
8644
7391
5704
4774
6491
4782
3477
2175
2105
6813
5774
7526
1349
3283
8343
782
8783
198
2752
8008
7566
6016
3551
8332
7930
4424
1205
2209
5676
6708
4980
7205
8530
1268
8745
1652
6280
3731
3244
8311
1867
9599
393
3171
8884
3671
4235
5529
6194
2036
6732
7043
5866
4703
3385
2297
8092
1776
6055
2243
3960
4455
5029
6207
27
1884
391
9374
8211
8841
1721
9137
7363
3220
4240
70
1763
8448
7118
1801
6947
1092
4863
2083
6626
6050
9719
4847
8635
1405
9168
9496
2179
4347
9457
9866
5072
7842
1440
4091
3409
6324
3255
92
401
5508
100
2736
2549
8096
2158
7691
9409
9823
3743
2863
9144
6861
6512
9736
3026
1688
694
9682
2341
1712
3709
4773
7784
2823
1771
7727
4785
3014
2667
723
4483
5095
3293
9987
9245
5247
1630
8361
2398
243
1881
856
2546
5958
6551
5900
2471
3420
6009
8600
8772
7624
1146
2401
3476
5265
31
7255
6512
8030
4571
5537
1958
8120
1681
7842
4313
1983
9320
6682
2377
5647
2958
2896
3129
3106
4771
5109
5863
9162
3751
620
4425
8393
7483
7786
9424
9803
5844
6015
8644
8804
7667
4772
213
4075
9285
3735
9333
8121
1458
3039
9647
5631
8846
9464
7808
7398
1847
3243
2173
6518
2253
4920
5722
8661
7916
8428
9403
37
3338
4995
8597
7045
8974
4935
1606
8519
9528
7551
2170
7875
7588
1799
9069
8895
100
7998
380
1402
8759
7483
885
2261
4201
7655
684
2560
3563
7586
9226
1988
8291
1546
5610
7700
3820
5437
2719
604
8851
9384
9794
455
1186
186
6274
2572
8368
3043
9282
1544
7587
3591
820
4995
9677
805
6396
7899
1671
5338
3590
3757
1183
7266
8840
9989
382
6647
4917
5028
5642
9812
2520
3368
2379
6765
1919
5030
1945
8468
7855
2882
561
7249
9973
9734
4200
208
8377
1936
9439
1880
393
2073
9272
3025
9216
2821
5374
1608
6370
4487
320
2559
8505
1292
5028
9388
1422
8429
7580
7306
5635
100
6704
5187
1861
9956
2706
4559
2031
8031
8378
9955
6953
3965
3490
4541
9833
918
3494
1035
3528
1150
1030
9409
5865
1698
211
7058
1387
9065
7566
5832
474
7810
4554
8216
3681
2643
6652
9576
5722
4945
9057
311
4170
6677
2211
1560
8730
2076
975
8236
8073
2673
5881
9924
8844
7116
3005
1266
3954
8855
3386
4469
892
5399
5738
814
5583
1873
4605
1780
1297
3798
3930
6299
1832
2723
1998
8667
6678
1894
6416
2423
3617
4274
2956
4516
2695
3355
3497
157
4598
6747
3274
9405
6830
6882
8939
8011
654
1087
291
6064
79
1705
2998
2853
9694
6127
895
2150
1177
2888
8158
8418
3279
748
3919
9879
6635
6254
6502
6487
7563
4517
9552
7506
5220
4501
8225
3432
2525
8220
3327
8836
321
2544
787
15
473
4083
9503
2813
5168
3223
9451
5331
7000
3470
498
5875
409
4651
6871
5176
8276
2491
3720
5769
2895
7041
8551
30
718
589
2799
6046
6882
9535
9405
8684
7858
1185
2719
9159
6270
7671
8584
5656
21
6251
249
1291
6480
8371
1058
9255
5549
8571
9652
9168
2939
4055
8566
2279
881
9408
6774
5421
1310
9543
750
7372
3966
647
1426
8953
2101
638
6508
4422
8381
2655
878
1035
3661
274
2125
4040
9690
714
6987
6561
7583
7248
9791
5064
8747
1900
9262
332
9816
3801
7250
5807
5345
823
2398
4418
441
8686
3751
4727
455
1389
6002
2190
4235
1166
997
9701
8232
5672
5091
2848
3176
2089
6360
7573
2207
8433
6344
6806
8123
9780
2534
4139
9507
3049
595
7953
1164
8924
7267
2755
913
1776
553
4763
54
3077
83
5581
6210
3615
1225
6727
4157
5505
7881
3095
7908
4012
9747
5680
5297
1411
9567
9777
9708
166
1841
8243
8399
4458
5492
2999
5039
4064
9780
7262
3493
3247
2069
2918
5427
2551
653
3916
2332
2722
1493
3232
5450
5881
3120
862
4742
2060
1161
5524
8402
8821
7884
7985
4468
5716
1974
7265
7908
8747
9242
4220
1712
3252
4307
7941
6105
3740
5284
5690
2698
5574
9497
6156
4461
7632
5463
4099
2799
9361
2259
2099
15
4599
4002
9836
2979
178
2898
5762
6094
2875
2452
3166
4680
5296
9461
5814
7237
5019
6686
1797
1638
9186
2932
9275
1719
4032
7256
5845
6676
7407
6759
3042
8867
6334
6839
3690
5049
7429
4539
395
698
7536
3319
2745
8675
1499
5273
8203
6085
8379
3044
1143
288
1981
6933
2427
2225
5598
9714
9114
9184
2681
3949
2627
4247
6777
1529
7078
9799
3176
2963
7404
2125
4768
254
785
304
2788
3822
9522
2069
832
8031
1164
3802
833
1510
5764
9248
3881
1853
9723
368
3309
9492
3222
653
280
7707
5518
8261
2911
5314
7887
6968
2124
6461
5181
3845
4819
7460
4649
8719
9827
8516
2525
3336
8747
4907
27
5077
7585
8521
9236
252
2845
4928
1050
7631
9794
7238
8157
491
2098
6290
1198
6925
7744
4035
104
2048
1625
9129
5031
9727
4111
9594
9560
2861
4942
8864
1821
2627
6152
5444
5657
4451
900
3895
7862
4464
6841
9761
116
7948
2753
9736
7028
6309
2287
6421
434
3005
7380
1227
6542
8750
9927
8152
2505
7905
5618
9184
4496
4797
9582
6037
5454
3849
3705
6865
6992
5571
7291
1820
9058
1816
9007
4346
9550
1583
7563
3581
8286
8030
8839
6700
7902
364
797
1889
9804
2056
338
1157
4036
69
8165
7381
4713
3906
9354
8276
9351
1036
9025
6545
5211
6320
9850
2036
1057
856
2300
3371
3420
2069
6458
5439
1917
8506
5869
9038
8158
4336
177
286
4880
5873
2764
3944
9168
4798
8670
2979
6247
2145
3239
2022
9649
1200
8699
9635
5791
3745
1390
4561
90
2193
237
2912
9437
8802
4008
8920
3164
3535
420
1399
2100
8184
8242
3410
7961
93
5065
7816
4305
707
4130
2666
8768
4878
8276
4030
1880
6386
9816
6830
9921
2634
8837
9487
3982
9462
7826
5668
436
5283
5013
4137
8922
2122
2047
7015
5210
8151
1102
6526
5051
6113
7880
8206
4556
3541
9578
4172
4572
9472
6808
7315
4736
4956
4492
8756
5853
5778
3952
2487
538
692
4488
3309
593
8008
7031
7680
405
4771
5124
1958
7673
2355
4635
8893
7549
3070
8600
5444
7
7406
7946
4924
4074
9091
3370
9006
3374
3475
8424
9360
5199
2341
8886
223
3601
8110
490
204
7486
7215
4885
6504
8618
6322
9514
9429
5864
3371
9598
7358
2440
5878
7758
1490
8612
9216
4164
8779
7150
2128
3428
2382
1157
8016
905
5650
9079
1017
8527
9540
2946
8105
3111
8453
4351
8494
2270
9090
6918
6907
1215
7160
8493
2717
4291
3631
7694
4318
2923
4805
9016
974
235
9492
7148
7755
8368
4547
2629
8079
4471
9754
4294
182
5746
4134
7715
4337
3831
1949
613
2879
8355
1066
526
7459
4486
4980
6597
5458
7488
8335
7514
2336
5150
7316
8525
5434
9364
8397
1589
8536
4782
8929
767
387
3499
4116
3144
7602
7974
4092
5221
6684
4752
7092
1654
8205
8269
498
4370
174
1392
8444
5915
3123
783
606
5312
9825
2098
3327
8999
6432
3626
3662
5191
7226
5496
9500
3818
1861
159
7684
3644
2857
6411
9826
9585
4260
8560
4097
322
3301
9542
8064
9712
8560
7680
8480
4367
9398
7430
8293
9026
7594
2464
3028
7596
9911
1128
1183
6084
1522
9062
949
5901
6538
7392
6807
5627
4695
4892
8342
3256
3052
107
4534
2634
7997
5580
2436
367
4465
9331
3646
8312
5146
8334
7249
8322
5902
9687
3558
3381
1352
5249
3934
2787
1942
7246
1445
2538
514
1581
4521
7183
1069
6048
5609
4283
1102
3683
3868
113
9522
6188
3794
3098
3728
5266
3957
8559
1582
6539
9004
8217
6565
402
2333
7124
1227
815
4017
5071
8447
3030
4510
7628
7745
9314
785
8164
8288
8667
3908
9980
764
9728
536
1184
87
6270
249
1749
7021
4144
8175
7459
6818
7224
4939
9415
5258
2116
3811
8583
3739
6823
6231
896
3952
3607
1319
7312
9056
3566
3851
9913
1675
1249
8325
9665
9141
602
8803
1056
2498
6377
6215
1087
5365
3893
2398
7566
5550
9223
4746
4659
2396
1496
2279
4208
4229
1191
8006
2477
569
6876
1943
6265
5919
4998
8847
5346
9648
7584
70
9850
8044
621
9350
3955
6451
1667
8507
5922
5965
1075
7822
1271
2443
7011
6460
2827
6957
9038
8736
9760
4932
8188
5638
6568
2623
6092
4283
9578
2114
7568
7173
7473
8263
3483
7697
5914
2449
9484
8499
9133
5580
7739
9199
242
7864
685
2416
4032
4620
5797
9203
3548
7759
6994
9930
5592
2803
3445
3421
4962
8466
9452
5793
4495
6645
6421
9261
1420
4650
7877
6347
8587
4832
5530
1876
3553
1845
4737
165
3475
6456
544
7995
4019
67
2638
8997
6575
1887
8606
5075
9720
5029
5642
1368
803
3011
4993
6887
5059
551
8041
5822
6124
389
5888
9469
4804
6735
1751
9039
2701
6867
6387
4841
2375
8231
7716
4214
6982
5056
9301
38
1497
2974
3255
3444
6991
6120
1266
725
2523
6955
197
7320
4911
8697
9111
8192
7079
1427
5776
977
9338
832
5043
6466
4179
5870
5577
4888
6197
1919
3504
3587
3707
8529
8474
1638
8298
8043
4438
5033
7215
643
4672
7090
5946
9906
465
944
4082
8707
5159
5636
319
9402
5214
5616
6608
3818
9114
5955
9897
5870
8208
43
9664
6342
9284
4459
8321
467
5709
1543
1231
4079
7951
7910
9854
8813
8223
2834
6310
7567
1802
3677
9152
6490
4873
5529
6250
151
5019
1331
964
3355
879
4356
3066
1545
1369
9731
5860
7377
6756
2292
5494
4867
366
2446
6759
3245
1318
4483
2665
3616
4318
785
8364
3609
2236
7567
2192
1235
126
8844
3566
5091
4539
7905
2747
8195
3767
2176
2022
3964
7061
3120
3978
4834
6620
4256
5476
9163
610
5415
5230
946
3570
7445
7080
5112
6053
3224
9359
8529
3503
8653
523
9644
8760
7294
1324
4249
2769
2919
9685
4084
5927
360
602
2100
6543
6068
779
8882
7302
3351
5951
4227
6149
5398
9472
6469
2128
4697
9301
9929
2495
807
4927
3549
6736
3550
1931
1859
5883
7998
9971
1786
4420
7413
225
6781
3319
8163
8114
636
2523
7899
6201
4723
3762
2809
9104
9824
6215
3339
4757
1974
2656
8738
6128
6758
1515
7845
2880
1740
4040
5553
6193
8148
924
1269
6624
5361
6542
1583
1789
6358
2206
9861
3145
6247
3783
1811
1226
3954
692
9924
9518
2566
4868
5115
5652
8141
5850
3298
6086
4226
6015
2341
5394
7574
5540
8642
8093
1162
1363
1432
6007
1362
8509
7682
4377
5320
3561
1504
8509
1223
3010
6038
2843
3469
2818
4738
9656
8765
1489
3015
6948
1167
2176
1850
3524
9408
3492
3399
816
7505
2483
1781
6132
6305
9782
5692
2600
5584
3744
8740
4717
8136
1730
8636
8390
588
1192
8698
5616
4941
6425
4502
7709
695
2606
7425
8520
9297
9837
6851
4770
7234
4514
8496
6323
1022
8435
7621
5334
3977
8588
6803
6446
9081
6211
3283
3100
4616
4226
9098
1242
4440
7255
3545
1182
7728
2680
9458
5934
8810
9635
1495
6013
1726
7979
5545
7126
7700
4914
7303
6833
3900
7430
4823
8179
727
9276
6250
3828
232
7129
2317
4393
3060
3811
942
9336
2734
7043
9440
7573
1575
2961
6535
9062
7046
9529
5202
7254
9961
8499
8972
9629
6321
5613
1070
3252
9602
7340
8528
8820
3521
26
4488
1686
9459
7545
1153
7634
6243
4572
3768
5426
9044
2935
2542
1637
7408
9157
3885
3474
6951
9877
717
6924
8168
4119
197
304
7883
4321
8689
8518
3627
8299
1985
7030
3582
7351
9477
705
7284
1735
9029
8593
321
5345
2207
2729
1785
2424
4837
6260
7964
3794
4796
9204
6213
8648
5167
4548
8051
2997
3361
6108
2338
2991
8450
5617
7176
2898
5175
1912
1617
1253
4569
1696
5939
2662
237
9498
5072
3210
257
7351
1766
7801
8156
7393
688
7702
2343
6974
3601
5834
864
627
8197
8993
1429
1073
7597
1075
5582
706
5541
8372
84
6579
4909
7992
9333
7497
236
98
5682
3098
6749
8102
7363
2094
9787
900
8016
2410
4007
5422
294
1983
690
2991
7711
3755
1258
3756
7509
7131
7037
8611
6971
5774
32
9392
3165
6802
2088
8196
2426
9420
100
5550
8360
743
660
9836
1042
9031
1430
3304
4853
9594
2217
3805
1501
5438
7438
1347
9073
3318
8981
8023
1447
6527
808
3041
4351
7619
3893
6440
418
8217
3201
5510
6011
8685
9148
7777
9378
7014
3841
4886
626
8637
3360
9257
1600
7307
2792
4701
2628
6159
1046
335
7130
7953
273
7574
6974
2102
5613
9275
184
17
5247
5974
4162
7874
23
8975
6237
8074
8804
857
8529
7766
1914
2967
8969
1109
4861
9577
9205
2940
4762
4141
164
8751
9452
782
5472
7815
7434
8411
7071
3476
9565
7910
3333
9798
5474
5452
7414
7951
433
1190
1694
7364
325
4466
8677
1447
3053
2409
5913
7869
3728
7258
3029
8052
6812
2092
8085
619
313
7583
8448
1087
8164
9835
796
2482
5966
4462
970
5171
9972
9950
8194
5257
406
2745
6073
8785
3217
8924
4065
1560
6204
8993
4123
7903
7485
1442
7446
4910
9665
3383
3942
3927
57
2159
4260
7413
419
4810
6711
9246
109
8364
8119
9433
3233
6070
1360
3883
5086
1899
1357
1698
5798
9282
2501
9962
8870
8814
7095
3269
367
6329
799
3971
2422
2532
2242
3777
2305
6783
6950
1106
6954
3326
4912
6052
7103
6609
8385
9429
86
399
9060
1777
2657
5727
6530
3833
8938
2050
8682
4543
608
5078
7180
2993
6604
3110
4542
9378
2591
6921
5985
4850
4662
9536
8911
6640
5572
1319
6730
6325
5243
8162
3285
2665
8166
2411
8475
6371
2291
8844
8026
9977
3806
4116
8915
9042
6679
1277
2918
2107
1062
6113
3022
8482
9091
6790
1600
3792
7578
9806
7451
2064
9603
9425
1551
588
5521
4950
9774
9392
11
3772
2938
7264
151
9969
2335
4099
989
5234
2936
9183
7732
3599
9490
1651
5984
412
8858
9881
7929
6283
230
6432
5984
1180
9600
8234
6569
8686
5769
5613
8336
4618
3735
5322
5453
2269
566
5800
7317
5485
1720
1527
4777
2433
4119
2105
7377
9779
2739
6943
4198
3902
4194
9866
4939
5306
9490
6874
9331
2046
1913
4664
30
2152
6288
9708
3905
3065
8830
4926
733
7957
8742
5927
6416
1654
2417
493
6863
3218
4413
9842
7224
5627
8764
2379
5122
651
107
7795
1278
5204
9726
6244
7851
7543
1001
9554
8168
9097
7033
9127
5384
1649
6025
9886
9302
2063
8510
8498
8470
9143
1325
6596
9376
7190
8466
1329
7249
105
4042
8562
9792
3892
1767
2763
5293
5673
2186
4071
6600
948
4607
4575
2186
8212
1689
1007
9779
7916
5690
4736
3607
2183
8461
7875
3981
3646
5332
6018
9845
3603
2078
8302
2666
9606
4222
5119
8058
2857
5787
7617
1331
6271
7729
1683
2614
4669
8022
3697
4899
7627
5812
9963
1332
4475
7646
7471
7129
7717
5537
6225
2907
5811
3470
4579
7176
9566
936
2552
8796
8010
749
5907
7809
5536
7220
6601
3011
4846
706
4694
5984
3624
9054
7890
3455
9791
8504
1945
4946
658
5511
7592
4727
1123
5191
6059
2136
4930
8007
6429
7652
9579
1701
4618
4099
1873
8539
11
9296
710
1814
7006
256
9052
1940
1776
4330
2823
1766
5565
4324
1677
5798
144
9855
9820
8061
8633
4492
3674
3359
260
8552
6732
5833
1292
8429
9126
2154
1710
4354
6714
1495
1597
3941
9309
7099
6633
3820
3480
3448
5489
2654
3107
4399
8758
1303
1520
9388
8977
5386
9260
2564
706
8048
7669
810
7168
4031
161
6601
9242
8285
5147
7742
5320
203
6914
5894
6121
936
5239
1088
7933
2088
8745
7864
1678
6064
4418
5231
6696
2897
1526
3951
5595
9614
2182
9052
4775
6841
9393
8089
7711
7787
6930
5154
4153
708
4728
7892
1834
7398
676
8697
7818
2516
7651
783
2834
8379
7196
7519
654
7799
5042
6434
777
1867
6751
8714
8695
1570
144
4175
421
7332
968
7168
7572
5261
56
5934
9423
217
3509
7294
8324
9359
1399
2739
6822
2793
4566
3233
6335
7855
8000
2617
8603
3327
1714
2118
2078
8480
6731
2908
6376
7324
1113
8353
2261
744
2800
8847
8185
3711
3196
1708
680
79
37
9631
2284
3899
6578
1979
7102
14
7800
6467
1697
7564
8822
8736
4167
1761
3049
7889
7226
5109
7650
189
9117
4905
1237
9746
737
2389
3611
5127
4661
910
3641
4620
5217
9378
9386
7485
3258
7639
8248
4121
7293
8417
1950
1004
7898
9697
3423
4797
5693
1911
9341
9359
154
227
9410
4429
8603
3285
1328
5870
3126
6890
9347
6398
2346
7284
8698
3175
1761
3169
3151
8465
6848
5603
345
386
3111
1036
8888
9224
4519
5838
4312
9208
8150
8337
4599
6156
7868
2684
1216
5955
1295
7523
459
7357
8727
6632
94
5203
4814
718
3192
3027
9755
6863
9643
9500
919
6391
6808
7035
5806
8669
1003
8355
2937
1548
2871
9722
1559
5526
5951
2960
2522
2505
1319
1533
2978
4672
2027
6021
2361
1374
4297
3184
9888
9713
6192
167
1236
9076
5933
8219
7364
6543
6290
6772
9645
5440
1467
5157
1292
290
1770
7489
9866
3078
8564
7565
3506
5022
7037
807
3449
3320
9294
6953
5157
2681
7310
7549
1752
4493
7231
7858
7578
7677
2592
5773
5472
8860
8197
2588
6715
9796
7067
7961
1726
2367
2456
6017
9110
323
1065
8258
9332
1133
1340
1446
9911
4284
5901
7736
4389
4371
7429
9503
2672
8294
300
9009
1915
7413
6595
2997
5026
7759
6137
2091
8171
5658
9232
4176
8434
5762
4226
9328
57
3145
3895
3814
4934
104
717
3874
9962
5215
8907
5397
2211
9392
8885
1386
6621
556
6709
1702
1014
9911
3615
7057
2113
5355
4573
6001
274
2795
7489
3860
3586
7195
8919
3230
6785
2237
5605
6847
7872
3780
926
9374
5129
1157
83
3612
5008
2471
4101
2356
9042
7636
2692
7429
3335
6946
8107
7380
2723
2372
7605
5183
4063
1687
9460
613
4719
6822
8976
6617
5383
1068
4776
3089
1829
8499
1947
6021
5032
2225
158
8562
6629
3998
5395
432
893
2886
3354
5760
8856
808
106
6895
6160
9963
8617
1839
9399
4730
7678
9223
8390
398
7293
7374
7615
9908
4949
8813
4965
7416
2498
1893
275
2017
8800
327
7295
1021
60
187
3418
7313
527
8983
1515
9956
1212
8389
7829
933
6476
7968
6383
1266
1543
3387
4627
2551
3555
7271
3238
4960
8039
1351
3670
215
859
2290
6443
5240
9534
7083
656
9568
6952
5857
9379
1200
8904
703
8987
9958
6828
8877
2143
5413
2351
1062
511
2349
4190
4461
6683
9955
8325
2751
7345
7964
7070
9720
4428
3905
1288
9673
6097
9082
4311
7231
2580
5254
2313
5458
5980
4341
6377
6039
1024
8673
4675
5470
2361
1070
2966
5672
62
6009
8606
7891
2588
8906
6449
260
7631
2961
6221
8837
8677
8636
3228
916
4189
219
8767
8765
3996
5157
3421
5829
4469
3669
3588
6662
9825
8412
1176
3582
1546
3647
9159
3935
8177
3663
5908
8199
3658
54
9718
844
3591
5467
3869
6032
8703
3814
566
4669
3994
6318
4551
3952
5473
8582
5741
2336
9679
1097
3798
554
2705
5864
8212
7190
1353
9257
5605
1251
8222
7650
6988
1904
1673
8409
1090
9476
5791
8650
6425
4973
1106
6637
3736
9503
8083
2148
566
4762
8787
7255
7908
6557
6911
1458
7108
8958
9188
757
2389
6191
9463
9604
480
8819
1148
8630
1358
1740
6713
2825
9129
3268
1735
6751
8897
7247
5019
5819
2663
5134
1746
1830
6269
8235
3322
5817
2467
8232
4468
8073
3939
713
4975
1054
4134
8601
8872
4601
4211
8952
8665
4
8504
297
1324
1637
3441
6904
8256
8913
700
3266
1525
814
1121
8216
359
9475
4122
8631
9528
4677
1579
5524
8442
3922
2942
1754
8538
373
1950
9123
8294
5371
3075
6764
4070
5546
2066
9593
6940
6609
9647
5795
1275
28
9614
3408
169
5983
3273
7854
2449
102
3492
503
4351
9250
9073
5594
5145
256
2023
1116
2345
8630
1047
5599
7620
659
2306
8024
6599
4965
5210
8641
2361
9983
4834
5
8244
9231
4265
6773
5800
9271
4165
8351
8022
2716
2793
3964
5063
3843
3018
2144
706
439
9181
20
788
7880
9552
2496
1673
5821
9446
7980
617
5879
8778
3168
9727
7318
8755
5361
8544
2064
1285
1817
7230
9428
5057
1025
4794
2546
6591
9336
912
6172
4239
7025
8715
7024
7533
4165
6095
9813
2593
4396
8539
4476
4142
9097
875
7262
1326
5306
8610
6208
2104
3802
3169
5123
8140
7914
1815
5700
7611
3076
1799
3115
173
9900
2104
8066
2557
9792
3373
1141
9911
9859
6772
3936
221
1491
4464
4098
5050
7022
508
7436
3726
1831
1153
3133
9581
6203
5494
3553
4550
1975
8625
8227
1107
9418
4712
424
8616
5648
5023
1024
9038
4641
9385
2690
6546
3931
5533
8361
4472
7656
2818
2693
7473
1377
6029
5878
1453
3951
6542
8760
3781
7738
5186
3655
1136
9731
5196
6031
9469
7491
938
1249
3160
4911
887
1292
8470
6639
6183
405
8255
3779
5025
616
6089
4338
7350
759
771
8552
6544
9365
7354
2734
2783
6343
3467
8334
2895
3102
6209
2150
4300
8859
8512
1339
5654
2502
4813
3476
716
9591
3560
472
716
5334
9344
7743
4937
6266
4439
1082
6039
5388
5755
2587
2956
2143
4991
5340
926
1033
734
5973
5478
4456
5225
7011
1262
531
2057
9020
9034
5985
4982
9414
5020
9420
9230
840
673
5717
2889
8554
7271
7485
915
4191
4907
5900
487
8988
6735
2180
5766
1639
1257
3518
1164
1246
8836
8818
5997
6939
3321
8004
9248
410
5658
5846
2490
8895
7447
6903
5816
9005
9804
1073
962
3063
1004
7414
8745
9375
4560
8290
485
7529
1191
5939
8598
4603
4066
8041
6699
6295
4370
1502
147
8111
5300
3701
287
3492
1090
4756
8257
1770
1894
384
7082
2603
4825
1200
2615
1653
3997
4900
7625
1928
2518
8560
4353
5465
4954
8052
9846
9934
8729
9112
4925
306
2926
2611
6566
341
4878
8838
3873
3339
3647
7969
3505
5131
8351
776
9127
6393
7231
386
4796
6542
6221
8400
3101
6729
1589
347
6774
3541
4704
7791
6292
322
7572
4457
1409
4969
6997
3071
7504
239
8082
5213
2045
1306
9546
256
8921
5070
2365
8655
6194
2704
1162
6129
9816
7322
5894
3080
3355
9734
9990
2306
6970
8268
5677
9478
9268
9122
4116
1870
5195
1047
1041
2920
1335
2692
9089
3721
5454
5971
4353
8366
6391
122
9069
523
6138
8424
7718
2292
4036
1732
9495
4485
152
2633
8381
4766
3839
1555
3323
8005
9992
4349
2742
8288
1200
3497
2885
6502
1955
7379
3088
1765
6652
7235
823
2383
528
986
1185
7863
404
3448
214
9473
5453
5859
8104
2067
4293
8737
2312
4427
7358
4446
5514
9792
4968
7904
7251
5017
1878
1171
8030
8682
5506
6273
7143
9932
171
7963
7112
5660
1399
9926
2766
6968
3206
7010
2908
4422
4626
8557
393
4297
4197
5468
3966
3868
8781
6573
9884
4509
9845
6154
1063
6894
7517
6691
3788
3957
6656
8121
8106
7938
6164
2346
7302
7024
1016
8416
4473
3196
6804
6415
5297
5266
2112
1075
5663
8714
3732
4132
9978
5037
3638
7190
1288
9823
919
2224
1168
6896
2048
3199
6226
735
8267
643
9838
6224
540
8357
9525
9651
4882
8627
5413
4115
5047
1192
196
6345
2571
9371
9810
7533
9928
1634
5100
8439
2881
3868
7398
4600
105
964
6847
5192
7951
4490
8632
5458
5722
5535
2436
118
3690
353
9980
7809
3626
1098
3878
6103
5704
1808
1155
7319
7009
7522
3582
1566
2037
3532
5742
8806
3568
5424
1550
1558
4172
2991
5878
4568
3415
8233
1574
6813
8798
6546
5785
8138
1710
8913
8793
6707
1245
7732
3959
6320
8543
4459
9232
1488
9449
6577
7683
5820
1698
205
3995
360
5179
5678
3483
6136
7623
2318
4363
81
9966
3887
2902
5229
8281
551
1505
8378
7046
2607
9053
8431
4608
592
7330
1467
8992
5008
6047
8055
2026
1534
1565
7331
7783
351
6300
2114
8275
6868
706
3052
966
1715
9376
41
5074
1205
6423
3802
7056
7282
7439
6800
6973
2276
8515
443
7541
1219
8073
425
3423
75
7560
3341
1154
7619
5431
5005
8237
8935
8357
4199
1330
9056
1422
2482
7376
8600
2029
3196
3174
4079
99
8596
5212
9022
2478
2090
9972
2902
707
960
935
9908
1602
3498
4707
7959
3015
9413
4851
253
2042
145
9564
8472
7977
9597
4603
3863
8559
8500
7637
8846
340
5504
6766
861
3434
6737
6118
6327
3962
4104
1151
5291
3831
1525
6688
6568
1676
8454
7259
8479
8360
5305
3959
4160
5644
4772
2462
934
3927
6266
2545
8286
9613
4650
5675
5316
7220
6275
9315
4618
9444
6880
4734
8105
545
860
3116
7205
8999
4853
1790
3098
8442
684
3820
8732
3106
7303
8914
8981
1097
2643
2871
3536
6150
1726
3383
1661
453
1926
4731
1668
2641
189
7029
1689
393
3201
6062
9495
8524
4729
969
5306
5316
599
1511
4235
6219
6204
9277
6876
6159
1648
3373
8742
4647
5128
7651
7750
4854
5305
2532
5642
7146
2674
8576
1053
9866
9742
5225
7684
9296
6075
7065
3910
4729
709
9511
3238
3647
1942
9244
682
5392
3368
5751
8312
905
7400
1662
895
1956
8793
831
3805
9091
4617
9889
4096
9318
9267
6190
3649
1941
6403
7093
4125
1733
2890
3701
9541
9662
2709
767
2920
8725
9789
1872
5661
2414
2287
4768
5918
4647
6767
7780
188
5987
8431
8578
3209
5862
4926
8165
8112
2206
4286
1292
5643
6425
7111
7348
2189
2079
757
2619
6198
6493
1902
469
4153
6853
9109
3922
4803
8812
1047
8348
9956
9005
2710
6424
3875
9236
1094
7325
5030
7504
9782
898
4943
548
6618
7774
1569
7370
841
882
6466
8287
5233
4512
601
7596
5966
8414
2442
9634
5812
6427
5834
3967
9635
6067
2274
5607
4299
1000
6356
2298
2282
2611
6315
3833
7961
1863
5266
4133
6854
2739
9282
8324
1261
4217
1771
676
4879
9607
6438
3698
7819
8382
5554
3644
9962
3901
4494
8680
7781
9632
3496
9721
468
5605
6615
3068
8949
8291
3848
7274
5955
3429
8129
8593
7249
1804
5094
1985
74
9371
538
8696
1783
3300
1065
6872
1953
7690
9063
2270
7945
1434
5610
7425
9707
5535
4125
904
1139
2101
2112
5951
6293
4357
8992
3932
4126
9736
5325
1610
7122
9207
2141
3815
1052
2238
1499
9485
833
1474
7848
5565
6319
2963
7849
2124
6148
781
3023
7686
4872
8464
6717
6526
6827
6797
2377
554
7394
5015
5424
3812
4147
215
8026
2063
2076
4163
1928
8043
1103
9799
3517
4455
3696
5916
4565
518
9057
8136
6846
7032
5597
4956
8194
7419
6426
4316
6488
816
4705
496
4738
7369
2806
9450
2793
9743
2302
8741
6176
9688
5075
4917
2127
4196
7621
3570
1089
3223
1214
7209
9717
3662
7066
1164
7197
9765
2613
6191
2946
7129
8918
5493
1121
8613
7818
1423
2587
6776
4019
6893
2957
3718
4258
3024
1194
584
695
801
3727
5378
8634
5357
1681
370
9053
5727
5133
2416
7444
1182
8272
9950
9986
7708
2805
4556
9781
7081
1225
165
3509
3883
6084
7128
4516
1314
447
3532
8991
209
7516
3204
496
5142
1304
1842
4376
3641
4705
4902
3011
1742
5766
5705
2315
5838
7441
1931
4390
2537
5931
5560
2108
5575
6127
2661
3292
7593
506
247
6958
457
9764
8609
7332
6048
9920
5170
5867
3755
1025
3368
861
1022
6367
9090
8515
8884
3050
5537
4649
8506
2534
7644
4731
446
4481
2484
9236
5021
7488
2966
6771
9926
9201
5422
496
3628
7172
2903
8302
9464
3221
9372
5356
1677
6686
8521
4584
1538
2914
7892
9771
8419
5665
3231
31
1831
2714
9485
651
3733
135
1973
3078
3667
1966
8792
6654
747
1247
9561
3523
7441
5241
9203
2002
5817
332
3823
5817
7939
1288
2515
2471
2638
7035
3193
7222
8872
781
5255
2050
1125
2586
8575
3272
3217
5391
4332
29
3520
1962
9299
3773
8775
390
376
38
8411
2097
8144
6002
3069
8451
5275
4026
4879
2547
3556
9926
4451
7001
9529
9217
82
6427
6876
4248
7560
9973
438
2116
9929
5308
7342
8488
4336
7512
2192
1856
5862
826
5332
4396
663
1183
1807
1254
403
9351
5434
3461
3209
7189
7094
3755
5874
9759
8758
3881
5070
7770
3594
2393
6361
7908
1196
1182
4987
8459
6678
1271
9414
3276
476
8157
8755
2586
3794
4489
2623
2802
4427
2382
8413
4469
6938
471
6394
6340
3048
9508
2798
9010
2228
1884
5175
8035
231
6854
2787
723
1458
793
2635
5006
503
3619
8206
4877
8076
2882
4201
2587
8555
5779
6741
6877
5134
2068
5672
7411
6024
1687
1348
6465
2783
3705
5380
67
5044
9172
9207
5684
852
2358
7768
8231
2256
7349
1327
2887
2472
6377
8427
615
9191
6638
60
4563
8312
991
5329
4693
5822
1460
8444
9920
8651
1558
8356
5507
7348
7117
7563
9854
7514
1361
6739
6702
1711
8491
8872
1633
6581
7459
7550
5127
237
5157
3465
6154
4388
1043
7649
1741
4935
2579
1053
6536
4555
1981
6687
9590
730
9253
1391
2812
6916
4163
731
9422
674
8447
9565
6736
8216
1442
3536
2754
7358
2882
7347
1188
641
463
3938
4029
6628
9984
806
9941
2713
1586
7259
7983
845
6358
3799
8151
6983
3210
911
7359
8146
6447
3118
6462
3745
5462
2254
7097
842
4315
5737
4948
9844
6923
9603
4147
8352
2960
3646
7370
139
4246
7962
7723
7850
2772
4917
20
9196
2678
3671
7629
9944
2457
2836
9358
7295
7367
8226
7682
8237
4752
548
728
1865
4001
4520
6027
2318
9931
9251
9351
9884
1112
4917
6058
7697
6108
1406
3767
4843
361
6748
9597
2218
296
9530
5377
629
8706
2507
2709
1193
5579
6978
7749
6571
2011
6096
4777
1992
7148
2530
9020
8806
6551
8422
8150
7326
7831
8671
15
3043
8719
9859
3050
772
2690
4755
5828
2970
8710
5743
3555
9341
2576
2365
5129
8662
7868
5957
9355
9275
1169
1664
7790
1727
2013
4014
8077
5184
3283
8076
6080
2531
4905
7569
4766
4271
4087
3192
4952
4722
9113
8672
5503
9746
5980
9453
7475
5188
1460
7469
864
7304
8478
6836
6058
3206
4752
7663
6535
1048
708
1762
4048
7385
7504
5328
7153
2470
6785
1107
8952
2519
7532
3479
7491
5556
7090
8778
3012
1465
5958
114
6622
1801
3195
2564
8887
8923
3678
9594
6152
8221
5904
5704
1105
6801
5489
9883
9889
4518
5898
1808
3414
35
9818
3691
829
1306
5265
76
7642
3198
6209
3632
3669
477
3313
2600
7303
7920
8698
82
2713
9048
9404
2233
4860
5284
1729
2061
4711
1489
6257
4723
2499
406
7433
9220
8809
938
7141
3611
5065
4560
7036
3319
9927
8533
1782
4106
757
3671
5029
9001
4796
669
2807
5701
3356
127
7641
8273
757
2220
2768
5011
49
6585
5959
3487
8792
5428
9774
8343
4998
9236
9629
780
4793
4383
3375
9009
1970
3557
4235
5736
9306
8981
7358
6234
1471
7428
221
4070
2272
1227
6224
2183
5701
9763
4320
11
6282
2338
8944
325
8527
955
2151
2615
4431
2840
1300
7571
1853
6091
4846
9058
5715
7919
7349
5556
322
7270
5635
2404
4414
4242
2276
1702
1838
4950
1608
8910
108
3901
3835
6578
473
9935
1680
5327
8373
9604
1765
5120
335
9776
9697
7352
2679
211
4697
5505
7967
7441
1939
9349
9263
2584
487
3152
945
3253
3829
2871
9085
5654
3642
3484
4596
4779
1730
9546
4051
7228
1508
5310
4837
2173
1481
4778
5511
500
3740
7243
6343
1211
513
9891
7785
1924
1920
8142
7322
8063
4730
8438
3520
1452
8099
8810
8729
5401
3258
1551
8620
2984
5442
6250
30
2762
3157
8592
4951
3159
6414
6698
5977
4143
165
2580
6308
9590
1409
2626
4888
6867
1943
5961
6340
397
4546
2562
9829
8454
8822
4108
568
5748
2959
1295
137
3553
883
5610
327
7888
8445
3927
463
2021
6410
6393
4627
6550
5155
5430
6615
216
5340
6745
3661
7700
5392
9015
8951
5938
2654
7839
4312
4494
7864
1627
2241
4864
1514
2296
483
8913
5913
5480
7628
6726
7739
5079
9718
5500
4846
1486
616
5236
1486
8069
4687
2852
1318
6794
158
3871
6048
9753
1338
9627
6393
6448
2121
3164
5373
1843
8015
894
2051
3913
3696
6184
3036
791
6462
6068
8480
4217
9740
877
3843
5103
2139
6627
4596
6596
9944
9821
6513
3389
4038
5635
3759
3086
7867
7617
6518
5650
3429
883
1965
1390
9546
6072
6780
9506
4272
440
5561
8604
7822
3128
5831
4243
4449
8337
4906
6968
8916
5105
7621
2881
4228
9821
5544
1200
341
9471
6134
6399
5073
7772
821
3965
9178
7468
4307
6511
8293
8263
5459
2037
7569
598
4734
1168
7418
8680
4194
2329
2149
3405
5079
9713
2986
7238
9478
8258
2778
3673
5868
7989
6526
1035
6721
6407
5657
7626
1622
4270
3242
6570
2310
4774
209
6308
2296
5424
8420
4218
5106
6605
8545
1889
3201
6627
1944
6814
7760
2052
9101
4421
3998
6772
6522
7544
8414
6642
358
5323
9599
5464
4008
6541
9053
6010
8144
1445
1548
6001
2518
6860
7377
9386
9358
6593
8978
5321
6967
3693
4373
5882
2752
6453
5071
9643
8502
6004
2804
6421
6441
6102
2999
6237
7797
2337
948
4965
3668
1006
4639
3929
7892
1238
1041
657
9847
5709
7617
2648
59
5479
3717
8589
4236
5384
1003
9120
8379
4087
814
6997
5629
2369
5764
5997
5480
1873
396
7869
5321
2772
8267
7238
1807
5441
2205
8340
7347
7409
5397
4922
5817
7371
1297
8063
8881
9764
9474
5279
4091
9941
5495
1024
7854
2811
2198
8215
6084
2109
7212
6427
1369
6803
907
9701
1586
2073
3184
4390
8156
5297
6732
9371
8254
5015
4366
6654
9294
7558
7798
6835
9832
2854
361
842
4491
9408
6081
9136
5655
4128
983
4357
9547
1788
1171
2727
3950
1603
3336
8045
3283
5159
1487
730
3257
3789
6766
8677
4513
6523
7338
7996
6977
774
5659
3767
142
225
2943
5049
6816
5967
8892
1
5315
1634
2551
7020
454
352
7214
8695
9201
2867
833
9322
3876
2587
1871
7675
2467
1447
3969
3395
9101
199
1614
526
4198
3059
1335
9914
6729
7390
1296
1329
3122
8112
1181
321
6685
5371
1251
8345
1276
9758
5001
9645
2306
5093
3750
5769
1887
8231
7421
4179
5351
6155
700
5322
7995
9450
5406
174
7413
7026
626
2695
6987
5898
4580
5216
9994
2597
5896
9113
9748
2989
3599
3991
9807
9885
8865
9534
466
8653
2364
6777
7620
9165
2283
8727
8230
2786
8625
2390
3089
4675
7746
7234
6520
2319
175
1656
5312
23
5992
6775
554
3375
7842
8735
2832
5080
1696
3345
1384
5995
823
1763
392
6617
3034
357
576
1400
1760
4801
966
9227
5147
8844
5509
843
8051
1991
8427
3865
3082
2090
1150
4370
8861
4551
5715
7985
4918
9270
5308
3811
9271
6471
8207
8960
3266
4084
9551
7598
7983
2209
8263
2029
2232
4123
3789
2519
6705
716
5173
4337
854
4363
9798
6671
3319
1482
3881
666
9468
5781
6926
7702
9791
6319
4132
300
6578
1932
1533
9825
5446
6765
4245
5585
2526
9589
1671
3610
5481
8595
6718
1986
1134
5221
2298
9655
9718
87
8222
521
4573
1650
5097
9160
5350
8039
7229
3831
8654
5144
4622
768
1325
9311
5851
5541
6784
8836
8733
7358
2172
5318
4592
9611
4108
5718
6529
7061
8477
9885
2158
6770
902
7597
1849
3499
6184
4848
6706
2736
9681
7145
1337
2619
9017
8787
5877
1522
4513
8220
9484
8998
4848
1928
133
8749
3697
6883
5474
7354
8394
7107
4466
5178
6122
3098
1750
8777
287
5674
4783
4848
9139
2609
4649
2080
8932
8183
8777
983
22
4936
4771
4895
1295
1499
742
6373
4706
8208
4835
485
6881
5159
6661
5474
4368
4492
4452
3114
2581
8489
9761
2784
1766
4901
4982
7939
2475
9333
5290
4341
1775
8715
8971
3574
4854
8780
4872
2911
4343
8495
9149
3949
5492
1145
3197
9153
3015
6876
1919
7611
3867
4451
5644
1073
5115
8818
3768
4850
692
7490
7628
7444
3820
9732
2339
1152
3536
8097
8129
5866
6301
6510
3538
3066
7864
6464
3777
8891
627
2972
1564
3350
9527
8619
2770
1201
430
6031
3392
8903
6377
8566
6726
3169
3769
5538
2184
8379
943
4548
5171
1530
5970
3216
8307
5678
4318
7497
7406
8347
1416
3637
2415
179
471
1955
3112
128
5918
2299
431
5865
9207
2332
4655
9270
4223
3907
7534
3445
4785
4517
9985
4450
9581
9489
8369
2724
2401
6061
5302
342
4406
7209
713
6629
8933
8332
5219
6723
7146
8755
3138
6607
9222
3968
8031
2902
443
5279
6150
9645
5315
7333
78
1755
1744
512
8466
4016
4588
6998
4197
5139
1760
9992
988
8375
5707
2540
4129
1664
1700
6031
2214
7947
4417
6179
8732
7391
7170
8394
6123
7712
15
8693
1221
6312
9663
7043
3521
7743
5734
8185
2308
6297
243
1764
1676
786
103
7609
620
4481
8826
19
1223
7925
9626
7214
4530
9685
3044
119
9808
1651
3874
3570
9334
1217
4355
9022
6927
3004
7692
2581
2958
2030
7239
2433
5417
2465
9962
1266
4359
2387
2525
7529
3823
2196
3321
8663
8128
3575
360
5233
1261
1988
8066
1474
7525
4485
1808
2529
8289
1483
3396
535
3313
4154
8522
1830
2820
708
3288
4650
8838
6553
144
7586
3866
4058
3279
6415
2567
2545
4881
1481
8185
831
9628
1973
5683
2914
339
182
4788
270
546
3840
8614
353
7658
2530
7384
3359
8119
1536
7756
464
8231
6175
7725
3936
9070
4137
6700
8366
4501
7824
6278
1432
3351
4732
7366
8021
7600
8383
4159
10
5846
6812
3686
4047
93
9335
3880
8272
160
7661
7802
9446
1720
7983
4375
6322
9875
5302
5388
6873
6598
7960
7031
1705
3013
6868
5218
5750
556
4490
8051
5577
3155
6958
2096
1901
9157
704
8185
1309
1112
3496
422
9617
904
2082
9569
5886
5133
8535
4355
872
5324
563
7925
4106
6187
9921
9875
1785
4031
6527
227
5585
5719
4827
2588
4613
8926
6562
3520
4126
461
5255
293
7728
6897
4130
3161
5635
2358
2081
3303
8061
7871
1274
377
60
5156
2277
3074
3876
3295
4974
6248
8467
3399
9134
3454
5340
69
7251
1668
7239
4414
9364
324
5823
7837
1119
1114
6414
7789
8858
3386
9019
376
319
2553
5851
45
3080
5628
1619
5226
6009
1508
8750
4762
3218
2531
3566
6878
9955
5204
725
9394
4857
123
3824
8988
1287
6834
1683
1268
918
5399
8361
662
1892
9630
5506
9419
9716
387
6009
284
5758
9382
7740
7983
7576
6788
4452
791
4895
6564
4535
6198
9533
1005
4507
7383
6079
406
7169
138
5577
9875
9184
3046
3764
5979
8375
9569
2184
3590
5065
3832
3551
6656
3043
3096
5379
7248
9015
2961
9279
585
7492
877
4036
5534
2871
2235
6685
3458
7948
7660
7419
7108
678
781
8366
7745
6951
9115
2133
5529
5995
2101
2157
3959
6010
9522
542
4578
7929
4101
7506
4961
526
3825
2649
2525
629
8820
4001
9952
3635
5820
2264
4483
5516
6259
4391
1956
7509
7977
6605
6358
9908
8279
7810
6137
8026
6301
640
1392
2332
4733
4803
5235
2913
3723
6901
7673
1285
8119
9930
8570
2096
5139
6727
5591
8520
5593
9579
1707
2857
2447
772
2291
7664
8647
9380
6835
7958
4103
6196
8160
2078
3804
7119
4489
2733
5097
6962
9630
4931
2380
5046
4586
2621
6407
7852
5080
511
3127
2150
7590
8989
3853
6755
5878
6128
7259
6542
5478
6292
9134
9134
3956
5016
8785
2002
802
3875
5032
969
623
7159
4006
7108
1646
3021
9411
1306
7161
8844
6803
6376
4401
6574
3310
47
975
2018
3326
2483
4634
9344
3924
8390
2989
5080
8440
4948
3711
6963
4881
3789
1469
645
1414
6432
2253
7271
6051
5327
1998
4467
1579
7080
580
7941
1936
5568
5317
8617
9586
2085
6831
6639
1391
8507
4587
334
5224
2123
7658
4672
1908
3420
5415
51
3929
3481
9533
298
5843
6743
1445
5396
9104
1513
7235
261
4214
6704
9956
8703
7989
1693
2840
9728
1466
2931
9260
8461
3297
1792
1997
1259
2988
6844
3153
2839
2564
6844
3880
4702
9034
6003
1590
2683
834
3407
8020
5594
4365
2896
2758
3874
9606
6229
2360
5256
1776
5702
1457
2485
2915
5660
6906
6190
4713
265
5588
2322
6298
3134
9821
6765
5638
1823
6795
3581
3099
6831
2941
1157
2628
6998
9075
2255
7248
2502
8892
7019
3350
9200
9472
2578
1826
1060
3691
3061
5256
9883
9925
2029
9940
8366
6164
1949
1018
9443
2707
454
8050
9796
3781
8909
1322
1157
2927
2580
5828
4465
6741
7955
2530
3524
2050
547
3816
4146
7485
7222
2158
5980
3513
7984
2083
1530
6578
8908
310
954
5376
5006
9497
3339
9433
5358
1600
7874
9982
3438
5439
7610
1124
6811
59
1943
1062
3639
9958
8241
295
8696
5887
2933
2096
7981
7602
1818
4048
3749
2148
27
3645
5807
8174
4670
7170
3912
9195
3111
8592
9678
4331
5608
8248
6899
8842
116
7647
5342
5916
1323
1568
9191
1475
8220
2573
8496
9442
3139
6823
5277
9863
8709
6577
6824
9725
7171
5982
3150
6249
9971
5067
9947
8925
1480
9563
9240
7489
5996
3039
5797
3048
9468
6934
5783
7309
1955
8005
3185
7113
7469
1202
9412
8444
9976
5235
8961
740
4162
5851
863
1066
3342
266
6792
6165
9144
7079
1611
3626
7828
6412
8916
7715
7243
1515
6238
9830
4066
7939
4713
2037
2770
7468
9965
3883
5620
5180
1813
4583
6290
9084
6178
7472
9730
5789
2199
1828
8904
3934
1696
1125
3900
6311
2631
59
9769
3309
3163
497
6297
2326
7879
7718
2962
5591
8600
7984
660
6562
8436
4968
7287
7883
9894
9343
3440
7475
2466
3057
1462
7381
1530
7870
4997
3422
8021
1017
6048
3260
7936
4635
2439
6452
668
1081
3056
4103
9000
8790
3665
4918
22
8250
8743
4470
1540
7502
9026
3617
7432
6038
7245
2150
8780
2063
7239
5858
3707
6332
1777
5715
6398
5772
1732
251
3376
6201
1435
9020
4816
4613
8718
4973
8218
1309
8644
8028
6021
2857
5783
1835
7960
6834
6882
2190
3350
5545
4672
3608
3749
3406
7770
9882
2468
6195
7256
7549
2130
559
9460
4560
4768
5547
47
2191
9788
9228
4904
3907
5587
5924
7416
2825
2100
4923
1919
7105
833
2405
4120
4443
8358
9776
4906
7057
4311
6505
8856
8900
7235
3684
8517
5003
5349
4269
1830
3807
4014
5324
3446
6405
6022
1804
4552
3855
8417
955
3445
4522
3719
1661
9777
8686
1627
1960
4107
7002
5174
29
8615
832
4851
2647
9770
6468
6865
6766
9293
6234
1675
6366
9116
3826
8157
7240
9469
4814
2599
5357
9574
6373
2681
1132
4965
1405
4253
8103
976
1947
2479
5449
3022
8398
9967
9941
5980
7094
6284
7462
2819
7934
5661
6923
7917
2495
7904
7146
5840
483
7728
9785
9770
2171
7802
3796
3053
9960
1102
2349
2225
4349
4815
1821
7969
5777
9749
4963
6802
2041
6660
2401
5814
5136
1807
9954
8547
2265
5146
268
395
3203
8887
2655
9100
9157
8780
5047
6902
7592
251
6248
4322
7962
2865
1830
6919
2068
2220
6817
6443
3364
3369
1141
6360
6243
5974
6549
5546
2856
6547
792
8812
6366
639
6747
7469
3259
2915
9208
3161
4027
3630
8383
2841
4535
3344
2037
4062
5131
6686
7194
5884
9020
6923
5632
8308
3707
3495
5433
1452
3041
5057
6931
8916
6937
1816
4897
4962
2313
4251
5862
1567
5081
1587
3452
2956
3031
6370
9983
6331
5212
1636
7005
6083
7040
4736
6718
775
4588
5169
7800
6260
3913
4412
8685
8116
1250
7757
3744
5695
3335
9396
6227
6928
333
9855
6354
6326
6627
5557
8581
4716
8790
8720
656
8490
5310
1934
5182
5701
2886
3952
5724
1570
8231
7101
8275
1669
1989
5546
9883
221
3126
6666
8847
6116
2270
8263
9747
7746
5472
8012
9529
4726
4357
4486
8685
9192
5438
1905
6390
579
8418
5254
227
1746
6289
2713
824
4897
7072
4267
7010
1549
7547
9766
5829
9904
8889
5394
4737
1724
5076
1952
5870
5864
7344
8977
4784
950
3304
9411
1337
8166
5294
4701
1552
5451
2194
5445
952